0.019018002 0.14596844
0.15345985 0.19262907
0.20577084 0.14561471
0.13454446 0.18938637
0.115474686 0.21463686
0.04140994 0.13833918
-0.07804837 -0.013387262
-0.24712895 0.001221274
-0.19398947 -0.0037283497
-0.15686522 -0.036739238
-0.27382654 -0.055238068
-0.21216424 0.21642661
-0.11560377 0.10650566
0.0538575 -0.13623257
0.14142382 -0.14154534
0.2306807 -0.15147786
0.280742 -0.12376669
0.1569022 -0.034470018
0.07363558 -0.060352124
0.086118795 0.08452528
0.07283826 -0.025655156
0.019906135 -0.07720243
0.010918461 -0.19953874
0.03919491 -0.20459083
0.15220486 -0.14319059
0.13865973 -0.001941382
0.30526844 0.0092075085
0.045722622 0.09907881
0.03979879 0.038044885
-0.16217276 0.056184463
0.16361584 0.16425122
0.29453215 0.18608591
0.41454226 0.16025552
0.40449908 0.15537336
0.27796766 0.22252995
0.22333601 0.11293091
0.06583748 -0.07729184
-0.15926209 -0.054967657
-0.13816828 -0.09525773
-0.1280943 -0.10202394
-0.18987018 -0.077248186
-0.19479223 0.19474632
-0.024477886 0.09613683
0.12833485 0.006005031
0.19045734 0.0025780322
0.16590627 -0.028678276
0.18785295 -0.06144914
0.06656615 0.041882083
-0.12299445 0.03594882
-0.015779935 0.1836079
-0.026737344 0.12560222
-0.013152246 0.06504063
-0.04383887 -0.03961593
0.00599695 -0.13765834
0.016443172 -0.16594031
-0.007657276 -0.091273814
0.10873528 -0.057848405
-0.09837681 0.039125767
-0.1609823 0.04584632
-0.29989946 0.049169134
0.068385676 0.18954685
0.17691429 0.13152845
0.18597177 0.00040751792
0.28196016 0.021223007
0.16217026 0.20086941
0.10930742 0.16532463
0.047311172 0.08593297
-0.18541893 0.08101608
-0.19337822 0.0074663414
-0.1430522 -0.05847837
-0.1620966 0.07229081
-0.14073996 0.20824477
-0.03936746 0.16916043
0.22538985 0.065520525
0.29196188 -0.0074068503
0.16038032 -0.11255654
0.2134332 -0.13813753
0.13830918 -0.0058961576
-0.000114722905 -0.019543698
0.15406439 0.0802138
0.16790856 0.13228604
0.20725496 0.19361135
0.13267206 0.1628743
0.15857019 0.07934449
0.16620827 0.05919292
0.12789588 0.17959896
0.15492295 0.14942616
-0.0067865066 0.16384232
-0.14455262 0.09172342
-0.36483127 0.08192953
0.16650179 0.08500777
0.24397616 0.089899614
0.23381545 -0.052000195
0.291168 -0.029351763
0.17315122 0.12772433
0.16268346 0.10734857
0.12538444 0.03804419
-0.017785754 -0.10034201
-0.10137566 -0.1840819
-0.064066514 -0.15577435
-0.019277528 0.052198887
-0.07999836 0.09015218
0.0007940295 0.08418682
0.21050043 0.022015637
0.33610913 -0.06992149
0.16308106 -0.12655094
0.2664188 -0.105750665
0.2142341 -0.010185602
0.14042346 0.023011079
0.20072305 0.017809935
0.15370621 0.07269593
0.12079114 0.16238753
0.06895361 0.22732812
0.028222525 0.18656252
-0.033224322 0.17092776
-0.008683403 0.30847898
0.035532117 0.3099334
-0.19888349 0.24678653
-0.23931472 0.14668596
-0.46268073 0.114357635
0.24081327 0.12857297
0.29272002 0.09235388
0.30967265 -0.05391106
0.23249635 -0.08285574
0.18017384 0.06564016
0.09324306 0.029930295
0.12043605 0.0016741501
-0.032820575 -0.12133854
0.012311562 -0.1458436
-0.031710196 0.04622162
0.0057877554 0.13421048
-0.05633101 0.13672468
-0.010432881 0.094968386
0.07929746 -0.037731424
0.23359194 -0.1659819
0.13520798 -0.2915328
0.21431324 -0.2259983
0.116131105 -0.17828198
0.11901915 -0.04769962
0.18996556 -0.051359873
0.13932994 -0.024396084
0.15089642 0.15261956
0.14029321 0.2425239
0.26671678 0.2616969
0.19347534 0.29092723
0.19581126 0.4012267
0.23094964 0.39369035
0.004887609 0.25733823
-0.098354705 0.07815164
-0.3598172 -0.048761874
0.2131115 0.12269294
0.27650636 0.083840966
0.26239198 0.0038396092
0.18497767 0.014577427
0.04059924 0.045289867
-0.039247278 0.030299738
0.01889916 0.030993199
-0.066554196 -0.09995377
0.06305588 -0.124000415
0.017506074 0.10686135
-0.02795206 0.05446346
-0.15113984 -0.07376075
-0.09974025 -0.11699359
0.018115368 -0.2836636
0.16432336 -0.3661946
0.05112256 -0.30490437
0.071710505 -0.24743383
-0.0017926849 -0.09378281
0.04146813 0.0899511
0.16161042 0.100563236
0.10549043 0.14463073
0.11734365 0.18085231
0.08411616 0.22114173
0.26532242 0.28510022
0.19567765 0.2625217
0.17727397 0.31708235
0.1766419 0.26544446
0.010393791 0.03604906
-0.17383456 -0.04640061
-0.30296528 -0.16675407
0.16622066 0.094671465
0.1902162 -0.028530728
0.16958492 0.0009792997
0.22846796 -0.05146119
0.13955854 0.023111159
-0.008891305 0.025846059
0.093252376 0.020222178
-0.0002703171 -0.076159954
0.20615016 -0.035721075
0.123967186 -0.044169974
0.08622662 -0.059959054
-0.10001308 -0.24034388
-0.18022981 -0.29802278
-0.09920892 -0.43064153
0.048251294 -0.37915632
-0.033947676 -0.33844534
-0.07777345 -0.17593995
-0.023844928 -0.071659535
0.11261162 0.0770673
0.2573391 0.08743026
0.12657508 0.15865725
0.15427591 0.15718529
0.06879309 0.11640212
0.21145156 0.20122972
0.19790925 0.1659378
0.123737924 0.24434577
0.11545715 0.24884726
0.028037686 0.009577257
-0.1064679 -0.10795194
-0.16799912 -0.07889327
-0.02882895 0.107471995
0.0013391997 -0.07288937
0.028959677 -0.20526898
0.05428377 -0.17107631
0.012042401 -0.108027205
-0.046645805 -0.085396186
-0.035947923 -0.10092151
0.061541263 -0.12100232
0.16015176 0.0765326
0.10432936 0.0073375534
0.015988246 -0.08551909
-0.22283281 -0.186973
-0.33589336 -0.1931719
-0.279671 -0.258263
-0.12615244 -0.23808385
-0.20790604 -0.14362182
-0.16086543 -0.17458266
-0.1665347 -0.052242063
0.01798917 0.069314286
0.18634635 0.20577966
0.06929889 0.31753477
0.10542345 0.24836846
0.022550173 0.14119345
0.21998854 0.19281971
0.23243487 0.17097831
0.22347341 0.13557674
0.17991105 0.09338948
0.03794502 0.0014751079
-0.039881542 -0.022233507
-0.041541282 -0.006938326
-0.002698167 0.19574249
-0.011728859 -0.011340457
0.06286543 -0.13912305
0.14017989 -0.3142406
0.093354404 -0.21017915
-0.11590158 -0.12822351
-0.11940129 -0.22463052
-0.13098192 -0.2558443
-0.04405237 -0.09715438
-0.04323075 -0.05734472
-0.14669518 -0.053932637
-0.29275316 -0.14997746
-0.40756562 -0.16953826
-0.31459793 -0.13608311
-0.30451918 -0.20773867
-0.3041396 -0.21775675
-0.3069814 -0.19442645
-0.23143822 -0.13097158
-0.107272506 0.020066595
0.06997339 0.10647574
-0.018660547 0.26224563
0.026780762 0.21300933
-0.06412374 0.06585942
0.06855349 0.19447553
0.012122463 0.29099527
-0.004662106 0.2741386
0.026724258 0.23473772
-0.07710405 0.1698736
-0.09495537 0.16956069
-0.03154167 0.23656642
-0.05437298 0.20161574
-0.025965726 -0.022566767
0.079361744 -0.15178
0.1014102 -0.26317385
0.083417706 -0.25857717
-0.06488006 -0.23532973
-0.078100055 -0.29716435
-0.09300406 -0.3056474
-0.108329825 -0.110233806
-0.07406179 -0.08646313
-0.21565334 -0.032685917
-0.22134781 -0.079346284
-0.4217588 -0.035714764
-0.2529398 0.02702894
-0.26677233 -0.057531904
-0.13988055 -0.06449243
-0.17475446 -0.14450341
-0.20004636 -0.06294363
-0.108446464 0.06985015
0.01166859 0.22432572
-0.09513111 0.3600519
-0.12015437 0.2907379
-0.21382672 0.15468659
-0.06724568 0.26923376
-0.09701588 0.3346655
-0.16435225 0.37303066
-0.15933363 0.3200538
-0.19785613 0.35572678
-0.2507532 0.3450238
-0.175505 0.27472723
-0.044758685 0.06633733
-0.10821066 -0.21151784
-0.021135155 -0.31678763
0.07388377 -0.40005404
0.06723743 -0.29138145
-0.23208816 -0.095246226
-0.1476117 -0.11328122
-0.19188178 -0.0153319845
-0.17329413 0.008242771
-0.11715497 0.031034568
-0.08294278 -0.003663362
-0.05743589 -0.029105835
-0.21204057 -0.067684144
-0.19629493 -0.052991062
-0.41187072 0.025258755
-0.2803402 -0.04777489
-0.26105848 -0.11581344
-0.26224807 -0.015415731
-0.2338111 0.036792938
-0.107055336 0.13400501
-0.0785044 0.19769765
-0.14374255 0.11048558
-0.23925334 -0.03566403
-0.16176239 0.0053984774
-0.22309326 0.12698248
-0.24309143 0.1775286
-0.27065966 0.30692324
-0.2142991 0.29656816
-0.21838184 0.31102377
-0.19558379 0.30753198
-0.10133666 -0.10175773
-0.11853186 -0.35502806
-0.11263397 -0.4451782
0.013443083 -0.5189692
-0.081172444 -0.37363353
-0.13817143 -0.14809258
-0.13643585 -0.24218358
-0.059610136 -0.11574536
-0.19094765 -0.025337113
-0.14752561 -0.003975029
-0.21264347 -0.058376834
-0.13741995 -0.09412809
-0.24962254 -0.142539
-0.18988289 -0.09956933
-0.3018612 0.015032618
-0.26615733 -0.07308173
-0.2221511 -0.096576236
-0.23444425 0.022313418
-0.23055933 0.0039665336
-0.070645064 0.0983728
-0.18756883 0.16487005
-0.20679452 0.08395731
-0.29007384 -0.019391647
-0.20358199 0.022362927
-0.19058801 0.107703276
-0.20143868 0.23848231
-0.26428702 0.29760098
-0.19530968 0.2609806
-0.21807098 0.29324618
-0.14247046 0.20587151
-0.054021697 -0.15020794
-0.072143845 -0.32172123
-0.07617901 -0.44240397
0.032095958 -0.44857252
-0.042472973 -0.33332592
-0.12803718 -0.09566088
-0.08356803 -0.18178818
-0.108303316 -0.060187414
-0.10944588 -0.078523785
-0.0921653 -0.05881301
-0.19772197 -0.012179692
-0.123506874 -0.015968816
-0.284406 -0.06032537
-0.17771742 -0.03882452
-0.23090869 0.03994908
-0.18124479 -0.010629854
-0.14793727 -0.038388256
-0.21774125 0.09674015
-0.20950726 -0.0004935572
-0.1936395 0.07759889
-0.25184137 0.07861239
-0.28500602 0.084586464
-0.28159207 -0.026194867
-0.20701246 -0.018094268
-0.18650477 0.071423486
-0.21170254 0.1659295
-0.26544365 0.31519395
-0.28072846 0.21898015
-0.2751028 0.2639684
-0.18488273 0.18838617
0.023782503 -0.21955983
-0.038919736 -0.37882057
-0.10197502 -0.45704582
-0.052410506 -0.4287721
-0.11698715 -0.36988905
-0.18505447 -0.038095493
-0.20823179 -0.08328061
-0.2456521 0.009281498
-0.12866648 -0.01813238
-0.13422842 -0.056019925
-0.19155784 -0.04056198
-0.16673863 -0.028985575
-0.30647677 -0.006884123
-0.16859518 -0.009213717
-0.2468777 0.058755316
-0.16045687 0.060305774
-0.11769738 0.06590015
-0.17515613 0.14368226
-0.13674961 -0.016828252
-0.12753531 0.011214302
-0.2406728 0.09505987
-0.2933552 0.12587607
-0.23144548 0.029448608
-0.1914767 -0.009760295
-0.21479733 0.06452859
-0.26795104 0.09042698
-0.3263074 0.24841295
-0.32513985 0.15597041
-0.2721607 0.13613011
-0.18126458 -0.006458153
-0.12042094 -0.19241029
-0.19647112 -0.30952922
-0.20164606 -0.48253772
-0.08206409 -0.28979084
-0.11272379 -0.18095104
-0.08846643 0.09810749
-0.15693186 -0.09965639
-0.16841994 -0.056516893
-0.20829092 -0.16248715
-0.18819581 -0.063453145
-0.25563234 -0.0251968
-0.13476992 -0.07645987
-0.1904267 -0.05649632
-0.13109908 -0.08306152
-0.21375655 0.01545344
-0.25326073 0.046260037
-0.20584807 0.06870806
-0.20881256 0.20282972
-0.18004465 0.0644191
-0.18135782 0.063505724
-0.25279146 0.062298417
-0.29110643 0.10424626
-0.19060631 0.048606016
-0.18427294 -0.0020588795
-0.21129276 0.12923893
-0.27725798 0.15184957
-0.25216028 0.18577927
-0.2512224 0.066674426
-0.16938382 0.03179138
-0.08850567 -0.111824915
-0.11631007 -0.2032033
-0.28664777 -0.22064185
-0.19352037 -0.36177722
-0.12773569 -0.2605175
-0.06344387 -0.067537114
-0.11915891 0.079155535
-0.12660246 -0.043086745
-0.1370888 0.03650493
-0.12190778 -0.077736214
-0.16551167 0.06094141
-0.25079522 0.007587555
-0.16296473 -0.15346952
-0.12179414 -0.02897877
-0.060860626 -0.069245726
-0.1810921 0.051298738
-0.17136145 0.016527254
-0.1481926 0.032274492
-0.06745117 0.10362646
-0.10035579 0.02222727
-0.17511383 0.03856475
-0.18189318 0.012003447
-0.2764548 0.050648436
-0.18104085 0.05043844
-0.1425535 0.047566686
-0.16154802 0.17876874
-0.1759645 0.16232313
-0.15756497 0.13768615
-0.10499558 0.040014513
-0.0486848 0.0784535
0.07074615 -0.03208807
-0.22459207 -0.13371712
-0.28577527 -0.18871143
-0.27436972 -0.37633374
-0.18887278 -0.21460494
-0.15857086 -0.03920586
-0.12756328 0.10386886
-0.12827137 -0.10503746
-0.10778931 -0.04821499
-0.05250606 0.02203406
-0.08648404 0.108341716
-0.17444701 0.02921226
-0.17007479 -0.072370164
-0.09801849 0.008872459
-0.07679139 0.05372811
-0.19191195 0.07872588
-0.19811113 -0.031794846
-0.14086142 -0.06299984
-0.1819676 0.04830843
-0.16381626 0.053791367
-0.17545591 0.052448574
-0.21365109 -0.003634938
-0.19726148 0.10600427
-0.07947985 0.029883362
-0.10043129 0.06590994
-0.20119967 0.14642559
-0.113533705 0.11978335
-0.11695451 0.051509418
-0.032078926 -0.006768481
0.05685418 0.0408989
0.17149335 -0.007031829
-0.18414176 -0.39851937
-0.19110146 -0.33914018
-0.36290693 -0.3707419
-0.31173715 -0.26396075
-0.2441565 -0.1342511
-0.14640948 -0.103082895
-0.12917311 -0.21912938
-0.046570096 -0.13756092
-0.06043846 -0.047765024
-0.1502659 -0.035949677
-0.21747963 -0.13576347
-0.18142423 -0.1524799
-0.21598545 -0.09396031
-0.1742429 -0.009131939
-0.27118364 -0.0046637533
-0.17797425 -0.07883766
-0.1546812 -0.05394482
-0.091475934 0.07494466
-0.122267574 0.06335236
-0.086144894 0.061549388
-0.14207959 0.033604424
-0.12592894 0.12401169
-0.08464263 0.07546382
-0.0924883 0.14029339
-0.20917773 0.10989051
-0.14409938 0.07971936
-0.14353824 0.09080807
-0.07849993 0.049133856
-0.018544594 0.0067688804
0.16455851 -0.1003003
-0.20971328 -0.41136307
-0.2839368 -0.29883766
-0.48853374 -0.38690445
-0.47651324 -0.20087314
-0.35465515 -0.12990192
-0.28670853 -0.02690739
-0.24422532 -0.07758048
-0.1260662 -0.09408945
-0.15283732 -0.009523776
-0.101605706 -0.00843772
-0.16209128 -0.037793774
-0.18431503 -0.13647245
-0.115676396 -0.08623427
-0.15530573 -0.031776756
-0.13439414 0.036836393
-0.18001758 -0.093614005
-0.21315916 0.026153548
-0.23356234 0.0713177
-0.26354697 0.13478868
-0.21224776 0.06618589
-0.24055248 0.03901635
-0.19437589 0.11252174
-0.12859972 0.037557907
-0.106886506 0.08991413
-0.15871647 0.030870283
-0.1638935 0.06124124
-0.21086583 0.045797996
-0.17412429 0.18553418
-0.10049002 0.097626135
0.080845624 0.0029784823
-0.29889324 -0.41064402
-0.31105593 -0.3446483
-0.45588073 -0.2743251
-0.39681718 -0.1322984
-0.4265299 -0.012696507
-0.25969848 0.079637446
-0.16412415 -0.04343747
-0.0465331 -0.12454687
-0.17489487 -0.10579576
-0.0396424 -0.016741494
-0.0996194 -0.031949334
-0.10661428 -0.12907575
-0.05688895 -0.08450678
-0.16579378 0.009956519
-0.19621138 -0.0023256997
-0.10090866 0.0020174468
-0.087554276 0.03859815
-0.15734892 0.0924406
-0.19070627 0.10074277
-0.1865965 0.058009185
-0.2493487 0.033900395
-0.1705691 0.11631227
-0.12063596 0.07065493
-0.16609484 0.17950746
-0.15366681 0.094114706
-0.09043338 0.020199077
-0.15291266 0.016082233
-0.13867092 0.11637018
-0.10389027 0.065120675
0.04617808 0.025353514
-0.33434004 -0.4165091
-0.27663347 -0.23894793
-0.4108811 -0.25779936
-0.17611305 -0.15992521
-0.1914371 -0.06380609
-0.11996193 0.022022014
-0.11464719 -0.08983392
-0.01937017 -0.10609208
-0.11914044 -0.116558366
-0.08472063 0.010622273
-0.050567336 -0.03146524
-0.1153742 -0.08823338
-0.070449956 -0.04498805
-0.19104421 -0.01452233
-0.14292587 0.006704838
-0.042951263 0.0040544244
-0.061956696 0.025740938
-0.09438332 0.058284357
-0.17557558 0.089642525
-0.14406502 0.11430512
-0.1732539 0.049045302
-0.0876923 0.12174387
-0.075528964 0.07582617
-0.052221965 0.12226562
-0.112781495 0.092041165
-0.06217487 0.061979286
-0.15611833 -0.011522814
-0.19639663 0.07194561
-0.18355562 0.0072955824
-0.08669696 0.045633063
-0.59833276 -0.37094775
-0.5089576 -0.2425076
-0.4596895 -0.2201681
-0.28384706 -0.17882475
-0.18613073 -0.10947931
-0.051275812 -0.07375067
-0.014879181 -0.093424484
0.022210833 -0.1509163
-0.057147082 -0.09027865
-0.0029286973 -0.07929651
-0.07514124 -0.038026504
-0.10781612 -0.043847263
-0.06204341 0.06372782
-0.19850801 0.0026458064
-0.19213368 0.0057555446
-0.087213404 -0.029894011
0.03904624 0.008560051
-0.08582063 0.052840404
-0.1391532 0.06511229
-0.1812434 0.07814764
-0.16271096 0.013971425
-0.07689828 0.10092893
-0.10837949 -0.02011428
-0.07873838 0.08388029
-0.10153226 0.15694292
-0.10286886 0.13409078
-0.16450556 0.019557932
-0.25151458 0.08278102
-0.28991154 0.014638383
-0.2864453 0.095818266
-0.64557505 -0.3842812
-0.44819927 -0.21956994
-0.4087208 -0.24385464
-0.09964191 -0.24358447
-0.036496494 -0.1270312
0.044439007 -0.14896066
-0.03685557 -0.12481333
-0.08365148 -0.16215172
-0.048895553 -0.16128697
-0.018242227 -0.001786978
-0.12388948 0.011994491
-0.065819204 0.026076753
-0.07551533 0.04264572
-0.16741875 -0.089662604
-0.17027058 -0.0059568984
-0.08739602 -0.111980766
-0.043318678 -0.1134834
-0.07632934 -0.035599656
-0.08180379 0.055339426
-0.059547838 0.07659483
-0.01458616 0.09824324
0.0028415048 0.10365977
-0.057579827 -0.005210477
-0.0055075777 0.05012971
-0.045902997 0.06802494
-0.10078063 0.0332542
-0.1524544 -0.035612836
-0.26041478 0.011596068
-0.2786465 -0.05055163
-0.26704893 0.0017264439
-0.6906333 -0.036883365
-0.5350877 -0.07297805
-0.43178445 0.06910242
-0.18732671 -0.10369339
-0.13635871 -0.1067089
-0.0102274455 -0.17712924
-0.052696496 -0.059777293
0.0071779387 -0.08708018
-0.013332459 -0.1053171
-0.044751845 0.0066785654
-0.1300732 0.014522527
-0.06857956 -0.059992857
-0.017902289 0.053313337
-0.099010915 0.02244009
-0.0076546664 0.04478434
-0.017761901 -0.011914401
0.0035384288 0.016958559
-0.06520789 -0.0067911735
-0.0636241 0.08523281
-0.109784395 0.12302296
-0.10418242 0.054356344
-0.08486873 0.07846848
-0.12746008 0.019662889
-0.118014105 0.09209506
-0.1618793 0.16054183
-0.18196344 0.18393092
-0.20111006 0.07044871
-0.40218836 0.1386052
-0.40314588 0.029259779
-0.30879137 0.09789381
-0.71768326 0.044606023
-0.5813064 0.06585971
-0.36323518 0.10461717
-0.09508581 -0.054543566
-0.082349434 -0.16287425
0.057655938 -0.21792881
-0.0012149166 -0.11346209
-0.016856253 -0.22310837
0.024188314 -0.14571027
-0.030907447 -0.0046658507
-0.13024938 -0.0599418
-0.019834395 -0.06707604
-0.066570595 0.027278295
0.08331822 -0.001032277
0.021946553 0.027308857
-0.114871554 0.0423895
-0.12955372 -0.017733196
-0.10727006 -0.06950987
-0.07513917 -0.02035687
-0.105863094 0.018220967
-0.13302541 -0.002237928
-0.023209661 -0.011151441
-0.07287408 -0.012870769
-0.080334894 0.002994637
-0.1339643 0.09393755
-0.1038784 0.11284189
-0.138851 0.17650804
-0.3015774 0.16712472
-0.35325858 0.11605683
-0.2985846 0.10016605
-0.7613378 0.2500827
-0.6493162 0.11278929
-0.40116325 0.25276977
-0.22366685 0.03796494
-0.05193966 0.00065372605
0.06917082 -0.045516133
-0.072427765 -0.030850258
-0.106586434 -0.106276214
0.02230386 0.01391323
-0.034181427 0.05842389
-0.050481908 -0.08028494
-0.0069124433 -0.038361173
0.025894478 0.00940691
0.11706212 0.022246258
0.057280898 0.037887305
-0.124178044 0.0015538996
-0.102500685 0.08158335
-0.12454277 0.05333691
-0.12362474 0.05487429
-0.1480458 0.13090417
-0.14006197 0.096735194
-0.043822303 0.13719612
-0.083033085 0.01882934
-0.014034932 0.06383762
-0.040818557 0.11270177
0.041813917 0.18955147
0.094828784 0.14446928
-0.08713356 0.23105788
-0.24073133 0.05507319
-0.18085776 0.13309872
-0.7855381 0.1552675
-0.70273685 -0.014138053
-0.50546795 -0.021509463
-0.21437684 -0.103328906
-0.077629864 -0.19611377
0.032099377 -0.1182566
-0.02580164 -0.10280911
-0.17963602 -0.16909681
-0.08550091 -0.019005353
-0.12740903 0.016227055
-0.0921222 -0.14776374
-0.03005305 -0.12351185
-0.007656921 -0.082328565
0.028135492 -0.12207396
-0.000929348 0.037771367
-0.09695272 0.036083393
-0.030660074 0.06614387
-0.033188686 0.029868444
-0.018298045 0.021312071
-0.057126436 0.10018933
-0.004313087 0.12943189
0.081113614 0.11240501
-0.071191624 0.027355477
-0.043959543 0.032001764
-0.057912465 0.09212368
-0.02931893 0.10055607
0.01993946 0.105563745
-0.15554516 0.17990403
-0.15411885 0.0010863636
-0.12655798 0.048266336
-0.88327837 0.13438614
-0.81834435 0.028393203
-0.4776819 -0.0028523067
-0.31439206 -0.11133332
-0.08044778 -0.10977939
0.01795674 -0.10872382
-0.011354611 -0.06551113
-0.047437392 -0.18923709
0.0049150763 0.050861232
-0.07444234 0.0019711712
-0.046150707 -0.014960197
-0.028119111 -0.06121827
-0.00650675 0.032323554
0.03107024 -0.042375144
0.038843863 0.020336157
-0.053742047 0.023148421
0.016752642 0.005769589
0.026577156 -0.014355774
0.0069162203 0.019427242
-0.032159213 0.13617846
-0.019968964 0.13752854
0.0838489 0.103979535
-0.0535585 0.08498944
0.010914753 0.07962637
0.006731367 0.13491857
0.067776926 0.11470551
0.08526552 0.12473233
0.0002997408 0.256379
-0.013440398 0.14340027
0.0147541985 0.12791052
-0.7298031 -0.14818656
-0.7175006 -0.10530003
-0.46814555 -0.026523234
-0.29465246 -0.105815515
-0.012297803 -0.12819818
0.03868247 -0.11007407
0.022416338 -0.056593057
-0.018779173 -0.15997252
-0.07745066 -0.10296832
-0.100488275 -0.08491064
-0.07736549 -0.036036257
0.019096747 0.0074448204
-0.091292776 0.07566281
-0.083878085 0.0071766702
-0.060969643 0.101870604
-0.07388385 0.008605277
-0.011837936 0.006957665
-0.050734714 -0.07273627
-0.061247766 0.001681597
-0.079550564 0.06604117
0.022068108 0.08061862
0.0829934 0.10068269
-0.043204498 0.0516788
-0.108796515 0.16222352
-0.06200099 0.09709833
-0.010156243 0.15990938
0.10182728 0.17922345
0.11401252 0.289457
0.118439704 0.16079377
0.13246104 0.16930439
-0.7446552 -0.081432745
-0.84480864 -0.034571983
-0.5619372 -0.007446469
-0.4416063 0.05372237
-0.10172941 0.015846986
-0.08915059 0.010456215
-0.13289487 0.016384428
-0.0596282 -0.025372246
-0.022473011 -0.11326492
0.03251701 -0.08462325
-0.03694634 -0.1068914
0.10978436 -0.11765255
-0.0007560496 -0.044134617
-0.024661507 -0.091613516
-0.00893255 0.025820881
0.070218 -0.031333834
0.01192337 0.04120253
-0.037633806 -0.029291354
-0.026393563 0.041209232
-0.05108462 0.06746265
-0.025590334 0.09089996
0.05199392 0.05092163
-0.0362663 0.031429924
-0.06404772 0.046078213
-0.07363623 0.036511026
-0.056378737 0.042571098
-0.031974025 0.08421333
-0.036028042 0.18508093
0.013152226 0.09781298
0.041248016 0.1768637
-0.5970464 -0.110940844
-0.79626817 -0.020642994
-0.51695883 -0.009204696
-0.45953152 -0.11191565
-0.14716159 -0.19660965
-0.08209602 -0.1595787
0.017255455 -0.09680906
0.033169024 -0.07332553
0.027982432 -0.07491716
0.0008863371 -0.045585707
-0.091462135 -0.033208862
0.08776782 -0.04004257
0.037847474 0.0027848529
0.04043737 -0.038402945
0.02219377 0.05760754
0.11156212 -0.01564767
0.11053301 -0.007573462
-0.051335175 0.014414384
-0.026623167 0.03917449
0.023194572 0.046245918
-0.0004166437 0.04332842
0.10218026 0.07563272
0.01036769 0.038654543
-0.0025375818 0.14270312
-0.014458308 0.08836563
-0.008022775 0.11949974
-0.012724743 0.18000582
-0.09676142 0.18338668
-0.040009577 0.04294385
0.027183602 0.1084959
-0.56028473 -0.011784329
-0.7259414 0.056740627
-0.50397295 0.006330614
-0.36590242 -0.13033393
-0.105935544 -0.17887984
0.028652739 -0.17229588
0.039661333 -0.08270335
0.067896396 -0.060172897
0.020050153 -0.03943329
-0.028753787 -0.12720361
-0.04466798 -0.08082605
0.04660037 -0.03748706
0.052372918 3.815654e-06
0.018044602 -0.08874489
-0.07394037 -0.05499109
0.094048455 -0.034104623
0.08131902 0.028121572
0.03865892 0.085078195
0.06531541 0.037106
0.07725002 0.08151259
0.022605862 0.16322856
0.028407969 0.08677808
0.07558631 0.17911637
0.052824073 0.118515976
0.015582891 0.19562861
-0.050593406 0.16782534
-0.078547515 0.2449202
-0.12905298 0.17059535
-0.1029405 0.03125311
-0.0009872641 0.060232095
-0.41631365 0.03853398
-0.5577833 0.021695962
-0.3922859 -0.04401362
-0.30448174 -0.26571235
-0.058107413 -0.22760423
0.010615256 -0.17363152
0.11235267 -0.07833827
0.031568058 -0.030065358
0.06082355 0.022459013
-0.00050861464 0.011024055
-0.06818932 0.002193219
0.032598734 0.031194473
0.038368456 -0.0008902056
-0.0067139734 -0.09473528
-0.093721114 -0.058325984
0.02857773 -0.08125759
0.040902466 0.08616189
-0.03822383 0.06347287
0.011639846 0.073953986
0.027141545 0.04805307
0.016030803 0.07125207
0.01685687 0.010986873
-0.035617262 0.089274764
0.062662296 0.10427657
-0.012581692 0.12189942
-0.030407958 0.109670095
-0.12629764 0.063059986
-0.15083168 0.025170043
-0.12058605 -0.11564457
-0.15374953 -0.02165776
-0.2525166 -0.04367038
-0.33343482 -0.12714788
-0.24291837 -0.11316091
-0.0965345 -0.2198232
-0.1011717 -0.14077228
-0.070068434 -0.07701801
-0.019418847 -0.08234802
-0.027851393 -0.037658203
0.02423375 -0.019599596
-0.020159492 -0.009736716
-0.025494918 0.10324058
-0.03823036 0.027534459
-0.016098486 0.029790035
-0.14797677 -0.004228453
-0.12847628 0.0014027404
0.0073913247 -0.027890224
0.07058247 0.17621976
-0.005552808 0.09500885
0.07035752 0.18529437
0.09847681 0.13194038
0.0869392 0.1387541
0.021305887 0.020516058
0.0262094 0.08458686
0.08725011 0.008388163
0.013176455 0.010398899
0.056267064 0.026082888
-0.048946787 -0.037104048
-0.11233741 -0.1958606
-0.056896053 -0.30014706
-0.03334751 -0.18622433
-0.07403212 -0.15858117
-0.18259758 -0.20497994
-0.14181262 -0.16800421
-0.050852757 -0.2701015
-0.08191343 -0.19202667
-0.038955595 -0.092419535
0.03167718 -0.17073078
0.026504379 -0.12126883
0.09607209 -0.08523169
0.07459055 -0.07635664
0.11229784 -0.04111091
0.14134637 -0.03991824
0.10688384 -0.044554107
0.02411072 -0.010981762
-0.009434917 -0.0032891678
0.15816994 -0.0016791979
0.1189286 0.02311547
-0.007400576 0.031055093
0.04855391 0.061200745
-0.029342068 0.054820873
-0.038973846 0.04001064
-0.0004996581 -0.043158934
0.07465782 0.12009049
0.09628157 0.032814875
0.04561503 0.07869507
0.14458233 0.1318131
0.062940665 0.110170476
-0.035063494 -0.06222082
0.021870572 -0.16314998
0.015761187 -0.15330902
-0.1069376 -0.1620718
-0.10861418 -0.06016352
-0.036672786 -0.0029971087
-0.03717146 -0.085055895
-0.09955339 -0.071583934
-0.0067267837 -0.037984166
0.06429718 -0.072621316
0.038208157 -0.122211374
0.14397396 -0.13090941
0.07700999 -0.13207445
0.13247022 -0.10937088
0.09652115 -0.102311715
0.12026351 -0.03373583
0.017764105 -0.036851425
-0.030841427 -0.02970755
0.13265696 -0.0830274
0.17867613 -0.023011506
0.06670927 -0.022168329
0.08864895 0.025478983
0.042876016 0.0283319
0.061861936 0.07835643
-0.014418571 -0.0077861184
0.015625767 0.16255634
0.10867421 0.07264614
0.06688988 0.11067961
0.151741 0.12640266
0.094593644 0.15875103
-0.027789665 -0.08873391
-0.16106053 -0.11020918
-0.10299961 -0.18534985
0.08988455 -0.16753277
0.041902073 -0.145606
0.056474373 -0.034238588
0.097958215 -0.020776851
-0.004784231 -0.05562911
0.022686083 -0.009724108
0.09470115 -0.1704173
0.016392455 -0.18879643
0.09812962 -0.1459959
0.06883948 -0.17612314
0.14964435 -0.11129035
0.176783 -0.10601129
0.04807549 -0.012434299
0.05635999 0.034069322
0.0016005405 -0.028671792
0.12950826 -0.098925255
0.1304433 -0.0021911236
-0.05709335 0.0010683658
0.056950793 0.07572293
0.05661574 0.06073825
0.102740705 0.10716526
0.024861947 0.07059469
0.04973292 0.24196956
0.05841854 0.18860015
0.053800263 0.17981216
0.08365244 0.048967574
0.043374013 0.0069315815
-0.12219382 -0.109482266
-0.18465388 -0.06052786
-0.17348492 -0.13688958
0.25642207 0.01110462
0.23767714 0.0737005
0.20958273 0.25170276
0.1304235 0.24436097
0.13741328 0.23629135
0.098258376 0.093129486
0.009428509 -0.026287561
0.06529909 -0.07882255
0.05931018 -0.072134405
0.062139247 -0.062031537
0.06171226 -0.055869214
0.054154605 -0.06806624
0.11336279 0.07392658
0.17032802 0.048326477
0.1809932 -0.02253496
0.20802805 -0.1034732
0.09700086 0.042029828
-0.03914231 0.01137126
0.04825339 0.004786386
0.031922147 0.020960713
0.0727839 0.085432805
0.03824666 -0.016026681
0.07567882 0.16345203
-0.010228998 0.06400028
0.07401679 0.17370921
0.09654213 -0.0051498516
0.07191279 0.084446214
0.03480391 0.011198194
-0.08442909 0.07234952
-0.07248382 0.016741423
0.16028845 0.18033907
0.18236764 0.1786543
0.12510575 0.23043476
0.049523283 0.16408783
0.0894128 0.10644653
0.13556558 0.032185167
0.025243461 -0.16483273
0.094019175 -0.16362843
0.047307044 -0.07803328
0.0348241 -0.113266855
0.0107736895 -0.027372265
0.059118368 -0.067708105
0.009026914 0.067372896
0.07853222 0.03544601
-0.031171745 -0.0028009666
0.11318232 -0.034507845
0.11790111 0.04657698
0.039085336 -0.00761907
0.09602907 0.005789322
0.09109922 0.043845076
0.15442173 0.017823746
0.03305409 -0.018515712
0.10442144 0.09808499
0.00872243 0.011241981
0.10122062 0.18272404
0.10195 0.12571634
0.11780983 0.18418105
0.07722924 0.12939642
-0.034730837 0.18853322
-0.009090885 0.14664476
0.32116383 0.20053338
0.37173602 0.23688222
0.35954633 0.2829158
0.19968529 0.19116332
0.20133273 0.16557002
0.21117145 0.08015433
0.123950504 -0.16974746
0.18648641 -0.1355178
0.12993807 -0.13488972
0.13312043 -0.005615636
0.08291315 -0.03882666
0.10067677 -0.026273716
0.09972462 -0.014747714
0.065768816 -0.013235281
0.05284156 0.026367093
0.11511759 -0.001821748
0.16691123 0.03911485
0.12562703 0.054185417
0.18106762 0.088765554
0.14514762 0.07107519
0.18695736 0.0705273
0.026796501 0.004418728
0.12044072 0.05329364
-0.048700124 0.029472683
0.051293414 0.12331846
-0.0012354937 0.10205245
0.006920249 0.13764696
0.106067166 0.054225788
0.0028173144 0.11844626
0.11634755 0.050561436
0.2266302 -0.053270467
0.34928012 0.0075617144
0.38554838 0.1561071
0.2886169 0.067305945
0.17955883 -0.00095685665
0.05924503 -0.085820705
-0.028696626 -0.18717788
0.17436525 -0.16336785
0.07781175 -0.13349979
0.17376734 -0.04362446
0.057597417 -0.026119137
0.18863069 -0.10045216
0.123292245 -0.064290375
0.19651459 -0.09526337
0.07976703 -0.07373532
0.08592597 -0.076586924
0.13155675 -0.0574046
0.15279272 0.023185512
0.21350095 -0.010088767
0.15706784 0.037393898
0.16429132 -0.05063846
0.16155295 -0.045496088
0.20055161 -0.035473637
0.13118534 0.050017573
0.18080324 0.11223642
0.13179028 0.11181933
0.20028022 0.13574886
0.200158 0.072615735
0.20825736 0.06723058
0.11157967 0.050077245
0.2694305 -0.030133124
0.40063477 0.06961188
0.46729952 0.13608275
0.36599377 0.15855718
0.28103986 0.047241554
0.09225908 -0.009407467
-0.0294688 -0.07810814
0.17884107 0.017024828
0.06030887 -0.030382425
0.1547718 -0.016384957
0.08573305 -0.05335158
0.18954456 -0.14790243
0.11531571 -0.09889653
0.15850814 -0.048983682
0.12998454 -0.018096762
0.06834903 0.024416896
0.08091814 0.03119464
0.15656683 0.08178683
0.15198229 0.049969148
0.07980058 0.10757225
0.128517 0.10467069
0.059928376 0.08518268
0.08698653 0.099174395
0.14240584 0.15640713
0.21605588 0.13091421
0.21783367 0.12706466
0.15178147 0.08550005
0.27281454 0.0768552
0.16422375 0.092477396
0.13396437 0.07174128
0.16917583 0.038550816
0.32396418 0.10745959
0.45416707 0.14344952
0.472021 0.10179895
0.3103769 0.02383974
0.13836282 -0.05447526
0.05623677 -0.17161068
0.19995861 -0.13877237
0.072857745 -0.15202373
0.08967461 -0.058148894
0.014386324 -0.09593138
0.16105352 -0.04246369
0.103218436 0.040758222
0.20349362 0.047825463
0.20056096 0.053363323
0.1782184 0.0502734
0.0795763 0.017862312
0.1588454 0.04089921
0.16148967 -0.030208929
0.12659863 0.080502816
0.1461347 0.050440364
0.08730607 0.10870041
0.1088078 0.07888761
0.19082741 0.1102716
0.24392384 0.1264915
0.19107892 0.11276031
0.21382585 0.12951222
0.2611727 0.006525309
0.28110272 0.028651936
0.15329945 -0.013208657
0.22058386 0.06852088
0.3569992 0.122682504
0.44755545 0.035014473
0.47446856 0.010807087
0.22576171 -0.03650923
0.072017856 -0.02819805
0.014655542 -0.121205226
0.12595351 -0.100991644
0.15691973 -0.04416983
0.19901426 0.0763201
0.20598286 -0.017170103
0.1236039 -0.028348954
0.105231486 -0.0006210469
0.14123373 0.05014822
0.24138737 0.023100855
0.09058214 0.032230675
0.10457084 -0.024112677
0.11213177 0.07461888
0.21532235 0.015878348
0.08347788 0.06719422
0.15249737 0.055543996
0.047904674 0.04835536
0.12358712 0.028390966
0.20260099 0.08230405
0.27287585 0.09438865
0.22767396 0.09024806
0.2808961 0.0893187
0.26386324 0.053049147
0.18843473 0.08374127
0.10725986 0.077684045
0.06655097 -0.16714919
0.1981718 -0.12465453
0.3555269 -0.2045745
0.2668731 -0.101083055
0.062857755 -0.11604571
-0.039154824 -0.1928029
-0.034504727 -0.1577582
0.09326819 -0.06554751
0.16916074 -0.05365961
0.11704894 0.016810127
0.12572643 -0.002932583
0.05175754 0.05179062
0.010236686 -0.02750878
0.102126166 -0.020204287
0.16131553 0.033841994
0.1252746 0.017553626
0.17957182 -0.02010381
0.19971782 0.004279298
0.23770648 -0.02799367
0.18567586 0.08780831
0.21191347 0.052861273
0.06991424 0.07491623
0.10784733 0.07010956
0.17735927 0.07887015
0.22701107 0.10573867
0.12298908 0.09572403
0.27456954 0.25485876
0.19825138 0.09331618
0.13892692 0.17063846
0.06223664 0.0774984
0.1389016 0.044288658
0.1867044 0.09130081
0.39222428 -0.030449223
0.38381147 0.07383248
0.21515098 0.08724307
0.052856967 -0.052970566
0.1502916 -0.095354
0.15503182 -0.06300716
0.14934139 -0.0130573725
0.112730406 -0.006021823
0.13642488 -0.041171666
0.13025934 0.008665287
0.09710342 -0.004026602
0.22075513 -0.036610447
0.26409248 0.00076373573
0.115443625 0.09981503
0.12911728 0.03859725
0.079419024 0.019280436
0.17995524 -0.03797791
0.07248415 0.04467012
0.1640352 0.016040042
0.06486718 0.044109616
0.15156174 0.0437423
0.16723289 0.07872476
0.16533655 0.079285644
0.10291236 0.10898105
0.19678786 0.18025023
0.25661927 0.11975692
0.07976767 0.081520125
0.06887758 0.090471864
0.06942071 0.03221964
0.08954155 0.084359884
0.2789141 -0.02155929
0.37186202 0.033433944
0.22802506 0.11406965
0.13585106 -0.059137896
0.22177857 -0.112957805
0.17060448 -0.11925838
0.190493 -0.10328328
0.18169084 -0.09857158
0.19568163 -0.008574252
0.1911881 -0.04179351
0.10327434 -0.05964407
0.16196926 -0.07381301
0.2019578 -0.031815123
0.13148269 0.06431373
0.105520785 0.07271452
0.16678624 0.0833032
0.16852911 0.021176215
0.15260956 0.10611093
0.14762925 0.081961975
0.099026695 0.14450344
0.12128243 0.121892035
0.16184501 0.08637741
0.13142702 0.10651482
-0.042401444 0.0020032367
0.123777844 0.15852109
0.06933656 0.09991176
0.04599396 0.0062042484
-0.047321577 0.008398064
-0.014133279 -0.016915692
0.04262223 -0.10526962
0.27436864 -0.21053141
0.39765164 -0.1592103
0.33123136 -0.0023285626
0.19251701 -0.03228506
0.18883575 -0.08183141
0.1249157 -0.18400961
0.1731053 -0.07764063
0.15298522 -0.056848053
0.23118146 -0.029961077
0.23476411 0.0033740634
0.111562096 -0.045907978
0.11539413 -0.028289007
0.2261994 -0.017055063
0.12869388 0.012706391
0.14689855 0.004878181
0.13376953 0.07153587
0.16259605 -0.013946817
0.16890383 0.025003271
0.28163663 0.027657278
0.24440716 0.055916764
0.24935298 0.06669822
0.2709582 0.01706491
0.13514288 0.009359312
-0.012153239 0.030756501
0.066232726 0.13070391
0.06758081 0.06355119
0.0330169 -0.021315059
0.00792925 0.050860614
-0.14921042 -0.1160959
-0.04550735 -0.13746259
0.07189307 -0.22931123
0.2588118 -0.1920551
0.29015136 0.021666493
0.17446844 -0.0877341
0.15538497 -0.0835881
0.106385715 -0.16295049
0.15941362 -0.034907546
0.17529054 -0.0549316
0.17540601 -0.0052156625
0.24277695 -0.05633661
0.116009474 -0.045242466
0.18784511 -0.00063299295
0.25693005 0.019433018
0.22950427 0.06936334
0.1968266 0.04887177
0.2739279 0.042463705
0.2121856 0.004517122
0.16283756 0.13061021
0.17839648 0.09878764
0.21436577 0.1321275
0.23041613 0.09910105
0.26555064 0.12362356
0.15125391 0.036109634
-0.07571888 -0.026883975
0.026892357 0.085444435
0.0082479315 -0.03540775
0.044254504 -0.1259108
-0.0022004207 -0.061792534
-0.30846393 -0.20243764
-0.147376 -0.3619943
-0.0149694355 -0.43299842
0.107959434 -0.36296782
0.24309741 -0.1422912
0.20156047 -0.125487
0.16507046 -0.010346378
0.106387235 -0.14335999
0.097730644 -0.070492774
0.11493794 -0.03490591
0.12922706 0.0059529776
0.18412313 -0.03667335
0.11881477 -0.018932583
0.08129812 0.042904343
0.16258174 0.0562416
0.18686059 0.013506587
0.24267864 -0.06070063
0.2578863 -0.057334892
0.24803329 -0.044047147
0.2125143 0.056830525
0.19763404 0.102078274
0.21031126 0.13158783
0.22485463 0.13139445
0.2716052 0.118123196
0.13208859 0.04116655
0.04780704 -0.06111396
0.10691722 -0.008077002
0.080958426 -0.09723195
0.08055467 -0.18513775
0.14613408 -0.08166484
-0.15601586 -0.17723681
-0.067889184 -0.29360884
-0.014791519 -0.42569968
0.10476873 -0.34635496
0.25494805 -0.17281367
0.21383771 -0.08861117
0.2154802 0.057487883
0.09393868 0.0018462101
0.046750177 -0.040438447
0.050504427 0.026711095
0.06272781 0.100216605
0.18178582 0.0085905
0.07381516 -0.049759645
0.08580434 -0.06380757
0.18214685 0.011087372
0.2722887 -0.08152187
0.2781991 -0.051759697
0.29934418 -0.12420002
0.21119995 -0.14738582
0.14398172 -0.025168417
0.09491432 -0.0045915404
0.017048199 0.039752286
0.055521518 0.06877155
0.113762036 -0.0046298457
0.026997259 -0.056713164
0.033726126 -0.14510404
0.103712395 -0.11270945
0.055970475 -0.22878471
0.079770334 -0.29699033
0.09833628 -0.26048473
-0.21179022 -0.12375611
-0.122133814 -0.31521764
-0.14440078 -0.4167422
0.0026433205 -0.52223986
0.22273074 -0.3172479
0.20790787 -0.2026376
0.19070803 -0.06272136
0.19674106 -0.09494567
0.18896738 -0.010737042
0.25556672 -0.013459782
0.19279286 -0.09023267
0.20552915 -0.104395956
0.11706193 -0.1103873
0.065979 -0.059006475
0.14514306 -0.07474978
0.21476652 -0.12582819
0.31077373 -0.12963453
0.32743514 -0.10949231
0.2608076 -0.100559495
0.24402934 0.0051379083
0.18299307 0.029213421
0.035589885 0.0050207702
-0.022204487 0.0040471936
-0.016569749 -0.0072602546
-0.09799119 -0.050614946
-0.1259131 -0.18310742
0.0004889697 -0.24777879
-0.035213012 -0.36099562
-0.023573242 -0.4297961
0.057824302 -0.34762213
-0.038327504 -0.08063486
-0.05163737 -0.16207165
-0.07217389 -0.23953563
-0.06166715 -0.37346753
0.15374275 -0.26712033
0.1498228 -0.16511615
0.15526834 -9.188705e-05
0.18303142 0.044685572
0.13032568 0.11229866
0.17795925 0.15053697
0.16339302 0.123323575
0.2388784 0.0022475822
0.13477214 -0.110265724
0.13435167 -0.05888506
0.16274491 -0.0845886
0.23643441 -0.089909375
0.2557037 -0.09992812
0.32244703 -0.004483626
0.2722345 0.038104504
0.20725206 0.1257263
0.094387144 0.094861746
-0.16859408 0.038756453
-0.23299986 0.054876372
-0.21623719 0.05552797
-0.31208032 -0.018648079
-0.2876649 -0.08528439
-0.1934124 -0.24605049
-0.18810792 -0.31693155
-0.08654777 -0.37198848
0.07615523 -0.3821966
-0.008967755 -0.17085098
-0.093050994 -0.12191536
-0.14119296 -0.17901514
-0.14235021 -0.30750692
0.055095255 -0.21059456
0.018422961 -0.123256415
0.059067 0.016391816
0.06974257 0.08362727
0.14511767 0.14706933
0.19097869 0.16938505
0.20104693 0.09943123
0.22396025 0.0077701313
0.18009675 -0.032035805
0.16165994 -0.122044235
0.22897403 -0.1335346
0.17703027 -0.23215893
0.28258225 -0.1806269
0.30543187 -0.16379507
0.4237616 0.043787464
0.31339377 0.09461605
0.21507244 0.11890304
-0.10183742 0.07208219
-0.13817042 0.072845474
-0.20300739 0.071900204
-0.26578665 -0.007999207
-0.19266559 -0.031381726
-0.16399164 -0.17029983
-0.17542873 -0.25705397
-0.044105873 -0.36019623
0.0821123 -0.32306707
0.042066246 -0.18442814
0.020409064 -0.08091901
-0.1029823 -0.21108153
-0.04706693 -0.26998127
0.09281855 -0.14958937
0.06686494 -0.11750314
0.08851509 -0.027469067
0.116212316 0.04956394
0.08892163 0.14148188
0.11159819 0.1789648
0.064267196 0.18535408
0.083427355 0.047918133
0.054455154 -0.05726916
0.08262462 -0.23821607
0.13122232 -0.1681855
0.1408613 -0.21371198
0.24863242 -0.053097058
0.25892544 -0.08515349
0.3143905 -0.028442958
0.19655515 -0.045953847
0.054204766 -0.022313014
-0.25981867 -0.05216417
-0.18579268 -0.025876254
-0.22929016 -0.011293017
-0.23120277 -0.020609912
-0.1722314 -0.00018771083
-0.1149154 -0.1061981
-0.15465981 -0.15108275
0.043108236 -0.35894743
0.1322502 -0.3004235
0.018653857 -0.2296913
0.07611458 -0.10324374
-0.033894803 -0.2065789
-0.07590942 -0.27305818
0.117666 -0.20136636
0.026282422 -0.15224284
0.11179184 -0.119451925
0.035707556 -0.05860531
0.051812135 -0.020656252
-0.038722858 0.05119198
0.014988225 0.03994254
0.023804497 -0.050442316
-0.0055604484 -0.09047125
0.008773921 -0.29894716
0.08995331 -0.24047445
0.16546752 -0.18418871
0.2888399 -0.12002608
0.21336073 -0.091002576
0.1950547 0.014841967
0.06433002 0.029598419
-0.042616703 -0.014342071
-0.29050547 -0.044562764
-0.24523391 -0.13121577
-0.2728336 -0.06492238
-0.2808095 -0.108686365
-0.2794996 -0.06682621
-0.23334284 -0.13813089
-0.2352903 -0.17920956
0.045015816 -0.3434231
0.135605 -0.276662
0.14692089 -0.21704127
0.10218996 -0.12564498
-0.02496421 -0.26514053
-0.09482132 -0.3805303
0.053512555 -0.29709092
-0.010173161 -0.23482616
-0.020715397 -0.19701587
-0.01796833 -0.1479896
0.00633647 -0.097864434
-0.072606266 -0.026542641
-0.06636366 -0.0051941583
-0.10671469 -0.0135551905
-0.09018677 -0.13260233
-0.0018675739 -0.18264946
0.18944795 -0.15749188
0.23321706 -0.18430825
0.3261716 -0.133882
0.29556188 -0.14666742
0.19451189 -0.08981177
0.1628023 -0.08896428
0.0550254 -0.13925287
-0.11252907 -0.14839168
-0.10175596 -0.23020062
-0.18023582 -0.13339135
-0.24168795 -0.15968634
-0.16778265 -0.12775135
-0.24405445 -0.21989028
-0.194269 -0.21786496
0.0339141 -0.3315162
0.111687176 -0.3074216
-0.041098185 -0.21864876
-0.051241845 -0.1897231
-0.12114661 -0.2334328
-0.19117284 -0.35580242
-0.13409862 -0.33694285
-0.19356939 -0.23994707
-0.124149345 -0.15086514
-0.04732368 -0.053353615
-0.093056336 -0.065526836
-0.12162271 -0.06870599
-0.12757939 0.003435013
-0.19547907 -0.083665304
-0.025133241 -0.16105124
0.0786831 -0.1998722
0.21261449 -0.2214527
0.23477398 -0.21230517
0.33273444 -0.17746772
0.25679392 -0.13502245
0.16863841 -0.017125847
0.07193558 -0.052889597
-0.04281837 -0.08605245
-0.24755062 -0.07103779
-0.24996978 -0.1768948
-0.23634957 -0.12921977
-0.28481412 -0.11529867
-0.21816464 -0.12752219
-0.27358305 -0.2306144
-0.26593646 -0.25197324
-0.062461738 -0.3398137
0.064728 -0.32429567
-0.027990755 -0.06981084
-0.12524821 -0.11472675
-0.17391014 -0.18887983
-0.22208609 -0.19494516
-0.13171512 -0.25401938
-0.20338012 -0.20923704
-0.14689027 -0.0843993
-0.095872946 -0.026002878
-0.089999944 -0.05473587
-0.2117332 -0.013304918
-0.059877135 0.049704246
-0.045052364 -0.047764592
-0.030347025 -0.12827659
0.03583557 -0.08058109
0.07856813 -0.09229243
0.17175445 -0.09259385
0.20814742 -0.07408336
0.15861166 -0.04473347
0.094960086 -0.029359942
0.018806128 -0.052677996
-0.11701882 -0.108133525
-0.1966344 -0.15762216
-0.14804715 -0.24323794
-0.10846582 -0.20909289
-0.13653427 -0.25476077
-0.060241465 -0.32132697
-0.120674744 -0.3576216
-0.042258143 -0.39508712
0.06305652 -0.44058704
0.15602227 -0.47560483
-0.041937366 0.053577997
-0.02908651 0.02439572
-0.103993595 0.0023545
-0.1893261 -0.09310144
-0.13411084 -0.08036306
-0.22760399 -0.0020632027
-0.12102435 -0.015956335
-0.08811089 -0.06924184
-0.101226255 -0.17365071
-0.11263542 -0.061953414
0.05639587 -0.04140239
0.057141285 -0.12547679
0.08080685 -0.06975056
0.14144546 -0.077531666
0.15143536 -0.12345362
0.15005481 -0.13828455
0.17607751 -0.079886705
0.11131658 -0.030676816
0.014180467 0.0023446837
-0.10311507 -0.04271052
-0.23203307 -0.0814993
-0.27550787 -0.13341175
-0.23793072 -0.16760328
-0.14600696 -0.19356704
-0.13366532 -0.25935903
-0.04577604 -0.37181225
-0.07499905 -0.38228858
-0.023965245 -0.41079277
0.019426405 -0.4500522
0.025118444 -0.48232678