-0.200000003  -0.1000000015  0  0  0  0
-0.200000003  -0.09000000358  0  0  0  0
-0.200000003  -0.08000000566  0  0  0  0
-0.200000003  -0.07000000775  0  0  0  0
-0.200000003  -0.06000000611  0  0  0  0
-0.200000003  -0.05000000447  0  0  0  0
-0.200000003  -0.04000000283  0  0  0  0
-0.200000003  -0.03000000305  0  0  0  0
-0.200000003  -0.02000000328  0  0  0  0
-0.200000003  -0.0100000035  0  0  0  0
-0.200000003  -3.501772872e-09  0  0  0  0
-0.200000003  0.009999996051  0  0  0  0
-0.200000003  0.01999999583  0  0  0  0
-0.200000003  0.0299999956  0  0  0  0
-0.200000003  0.03999999538  0  0  0  0
-0.200000003  0.04999999702  0  0  0  0
-0.200000003  0.05999999866  0  0  0  0
-0.200000003  0.0700000003  0  0  0  0
-0.200000003  0.07999999821  0  0  0  0
-0.200000003  0.08999999613  0  0  0  0
-0.200000003  0.09999999404  0  0  0  0
-0.1899999976  -0.1000000015  0  0  0  0
-0.1899999976  -0.09000000358  0  0  0  0
-0.1899999976  -0.08000000566  0  0  0  0
-0.1899999976  -0.07000000775  0  0  0  0
-0.1899999976  -0.06000000611  0  0  0  0
-0.1899999976  -0.05000000447  0  0  0  0
-0.1899999976  -0.04000000283  0  0  0  0
-0.1899999976  -0.03000000305  0  0  0  0
-0.1899999976  -0.02000000328  0  0  0  0
-0.1899999976  -0.0100000035  0  0  0  0
-0.1899999976  -3.501772872e-09  0  0  0  0
-0.1899999976  0.009999996051  0  0  0  0
-0.1899999976  0.01999999583  0  0  0  0
-0.1899999976  0.0299999956  0  0  0  0
-0.1899999976  0.03999999538  0  0  0  0
-0.1899999976  0.04999999702  0  0  0  0
-0.1899999976  0.05999999866  0  0  0  0
-0.1899999976  0.0700000003  0  0  0  0
-0.1899999976  0.07999999821  0  0  0  0
-0.1899999976  0.08999999613  0  0  0  0
-0.1899999976  0.09999999404  0  0  0  0
-0.1799999923  -0.1000000015  0  0  0  0
-0.1799999923  -0.09000000358  0  0  0  0
-0.1799999923  -0.08000000566  0  0  0  0
-0.1799999923  -0.07000000775  0  0  0  0
-0.1799999923  -0.06000000611  0  0  0  0
-0.1799999923  -0.05000000447  0  0  0  0
-0.1799999923  -0.04000000283  0  0  0  0
-0.1799999923  -0.03000000305  0  0  0  0
-0.1799999923  -0.02000000328  0  0  0  0
-0.1799999923  -0.0100000035  0  0  0  0
-0.1799999923  -3.501772872e-09  0  0  0  0
-0.1799999923  0.009999996051  0  0  0  0
-0.1799999923  0.01999999583  0  0  0  0
-0.1799999923  0.0299999956  0  0  0  0
-0.1799999923  0.03999999538  0  0  0  0
-0.1799999923  0.04999999702  0  0  0  0
-0.1799999923  0.05999999866  0  0  0  0
-0.1799999923  0.0700000003  0  0  0  0
-0.1799999923  0.07999999821  0  0  0  0
-0.1799999923  0.08999999613  0  0  0  0
-0.1799999923  0.09999999404  0  0  0  0
-0.1699999869  -0.1000000015  0  0  0  0
-0.1699999869  -0.09000000358  0  0  0  0
-0.1699999869  -0.08000000566  0  0  0  0
-0.1699999869  -0.07000000775  0  0  0  0
-0.1699999869  -0.06000000611  0  0  0  0
-0.1699999869  -0.05000000447  0  0  0  0
-0.1699999869  -0.04000000283  0  0  0  0
-0.1699999869  -0.03000000305  0  0  0  0
-0.1699999869  -0.02000000328  0  0  0  0
-0.1699999869  -0.0100000035  0  0  0  0
-0.1699999869  -3.501772872e-09  0  0  0  0
-0.1699999869  0.009999996051  0  0  0  0
-0.1699999869  0.01999999583  0  0  0  0
-0.1699999869  0.0299999956  0  0  0  0
-0.1699999869  0.03999999538  0  0  0  0
-0.1699999869  0.04999999702  0  0  0  0
-0.1699999869  0.05999999866  0  0  0  0
-0.1699999869  0.0700000003  0  0  0  0
-0.1699999869  0.07999999821  0  0  0  0
-0.1699999869  0.08999999613  0  0  0  0
-0.1699999869  0.09999999404  0  0  0  0
-0.1599999815  -0.1000000015  0  0  0  0
-0.1599999815  -0.09000000358  0  0  0  0
-0.1599999815  -0.08000000566  0  0  0  0
-0.1599999815  -0.07000000775  0  0  0  0
-0.1599999815  -0.06000000611  0  0  0  0
-0.1599999815  -0.05000000447  0  0  0  0
-0.1599999815  -0.04000000283  0  0  0  0
-0.1599999815  -0.03000000305  0  0  0  0
-0.1599999815  -0.02000000328  0  0  0  0
-0.1599999815  -0.0100000035  0  0  0  0
-0.1599999815  -3.501772872e-09  0  0  0  0
-0.1599999815  0.009999996051  0  0  0  0
-0.1599999815  0.01999999583  0  0  0  0
-0.1599999815  0.0299999956  0  0  0  0
-0.1599999815  0.03999999538  0  0  0  0
-0.1599999815  0.04999999702  0  0  0  0
-0.1599999815  0.05999999866  0  0  0  0
-0.1599999815  0.0700000003  0  0  0  0
-0.1599999815  0.07999999821  0  0  0  0
-0.1599999815  0.08999999613  0  0  0  0
-0.1599999815  0.09999999404  0  0  0  0
-0.1499999762  -0.1000000015  0  0  0  0
-0.1499999762  -0.09000000358  0  0  0  0
-0.1499999762  -0.08000000566  0  0  0  0
-0.1499999762  -0.07000000775  0  0  0  0
-0.1499999762  -0.06000000611  0  0  0  0
-0.1499999762  -0.05000000447  0  0  0  0
-0.1499999762  -0.04000000283  0  0  0  0
-0.1499999762  -0.03000000305  0  0  0  0
-0.1499999762  -0.02000000328  0  0  0  0
-0.1499999762  -0.0100000035  0  0  0  0
-0.1499999762  -3.501772872e-09  0  0  0  0
-0.1499999762  0.009999996051  0  0  0  0
-0.1499999762  0.01999999583  0  0  0  0
-0.1499999762  0.0299999956  0  0  0  0
-0.1499999762  0.03999999538  0  0  0  0
-0.1499999762  0.04999999702  0  0  0  0
-0.1499999762  0.05999999866  0  0  0  0
-0.1499999762  0.0700000003  0  0  0  0
-0.1499999762  0.07999999821  0  0  0  0
-0.1499999762  0.08999999613  0  0  0  0
-0.1499999762  0.09999999404  0  0  0  0
-0.1399999708  -0.1000000015  0  0  0  0
-0.1399999708  -0.09000000358  0  0  0  0
-0.1399999708  -0.08000000566  0  0  0  0
-0.1399999708  -0.07000000775  0  0  0  0
-0.1399999708  -0.06000000611  0  0  0  0
-0.1399999708  -0.05000000447  0  0  0  0
-0.1399999708  -0.04000000283  0  0  0  0
-0.1399999708  -0.03000000305  0  0  0  0
-0.1399999708  -0.02000000328  0  0  0  0
-0.1399999708  -0.0100000035  0  0  0  0
-0.1399999708  -3.501772872e-09  0  0  0  0
-0.1399999708  0.009999996051  0  0  0  0
-0.1399999708  0.01999999583  0  0  0  0
-0.1399999708  0.0299999956  0  0  0  0
-0.1399999708  0.03999999538  0  0  0  0
-0.1399999708  0.04999999702  0  0  0  0
-0.1399999708  0.05999999866  0  0  0  0
-0.1399999708  0.0700000003  0  0  0  0
-0.1399999708  0.07999999821  0  0  0  0
-0.1399999708  0.08999999613  0  0  0  0
-0.1399999708  0.09999999404  0  0  0  0
-0.1299999654  -0.1000000015  0  0  0  0
-0.1299999654  -0.09000000358  0  0  0  0
-0.1299999654  -0.08000000566  0  0  0  0
-0.1299999654  -0.07000000775  0  0  0  0
-0.1299999654  -0.06000000611  0  0  0  0
-0.1299999654  -0.05000000447  0  0  0  0
-0.1299999654  -0.04000000283  0  0  0  0
-0.1299999654  -0.03000000305  0  0  0  0
-0.1299999654  -0.02000000328  0  0  0  0
-0.1299999654  -0.0100000035  0  0  0  0
-0.1299999654  -3.501772872e-09  0  0  0  0
-0.1299999654  0.009999996051  0  0  0  0
-0.1299999654  0.01999999583  0  0  0  0
-0.1299999654  0.0299999956  0  0  0  0
-0.1299999654  0.03999999538  0  0  0  0
-0.1299999654  0.04999999702  0  0  0  0
-0.1299999654  0.05999999866  0  0  0  0
-0.1299999654  0.0700000003  0  0  0  0
-0.1299999654  0.07999999821  0  0  0  0
-0.1299999654  0.08999999613  0  0  0  0
-0.1299999654  0.09999999404  0  0  0  0
-0.1199999675  -0.1000000015  0  0  0  0
-0.1199999675  -0.09000000358  0  0  0  0
-0.1199999675  -0.08000000566  0  0  0  0
-0.1199999675  -0.07000000775  0  0  0  0
-0.1199999675  -0.06000000611  0  0  0  0
-0.1199999675  -0.05000000447  0  0  0  0
-0.1199999675  -0.04000000283  0  0  0  0
-0.1199999675  -0.03000000305  0  0  0  0
-0.1199999675  -0.02000000328  0  0  0  0
-0.1199999675  -0.0100000035  0  0  0  0
-0.1199999675  -3.501772872e-09  0  0  0  0
-0.1199999675  0.009999996051  0  0  0  0
-0.1199999675  0.01999999583  0  0  0  0
-0.1199999675  0.0299999956  0  0  0  0
-0.1199999675  0.03999999538  0  0  0  0
-0.1199999675  0.04999999702  0  0  0  0
-0.1199999675  0.05999999866  0  0  0  0
-0.1199999675  0.0700000003  0  0  0  0
-0.1199999675  0.07999999821  0  0  0  0
-0.1199999675  0.08999999613  0  0  0  0
-0.1199999675  0.09999999404  0  0  0  0
-0.1099999696  -0.1000000015  0  0  0  0
-0.1099999696  -0.09000000358  0  0  0  0
-0.1099999696  -0.08000000566  0  0  0  0
-0.1099999696  -0.07000000775  0  0  0  0
-0.1099999696  -0.06000000611  0  0  0  0
-0.1099999696  -0.05000000447  0  0  0  0
-0.1099999696  -0.04000000283  0  0  0  0
-0.1099999696  -0.03000000305  0  0  0  0
-0.1099999696  -0.02000000328  0  0  0  0
-0.1099999696  -0.0100000035  0  0  0  0
-0.1099999696  -3.501772872e-09  0  0  0  0
-0.1099999696  0.009999996051  0  0  0  0
-0.1099999696  0.01999999583  0  0  0  0
-0.1099999696  0.0299999956  0  0  0  0
-0.1099999696  0.03999999538  0  0  0  0
-0.1099999696  0.04999999702  0  0  0  0
-0.1099999696  0.05999999866  0  0  0  0
-0.1099999696  0.0700000003  0  0  0  0
-0.1099999696  0.07999999821  0  0  0  0
-0.1099999696  0.08999999613  0  0  0  0
-0.1099999696  0.09999999404  0  0  0  0
-0.09999997169  -0.1000000015  0  0  0  0
-0.09999997169  -0.09000000358  0  0  0  0
-0.09999997169  -0.08000000566  0  0  0  0
-0.09999997169  -0.07000000775  0  0  0  0
-0.09999997169  -0.06000000611  0  0  0  0
-0.09999997169  -0.05000000447  0  0  0  0
-0.09999997169  -0.04000000283  0  0  0  0
-0.09999997169  -0.03000000305  0  0  0  0
-0.09999997169  -0.02000000328  0  0  0  0
-0.09999997169  -0.0100000035  0  0  0  0
-0.09999997169  -3.501772872e-09  0  0  0  0
-0.09999997169  0.009999996051  0  0  0  0
-0.09999997169  0.01999999583  0  0  0  0
-0.09999997169  0.0299999956  0  0  0  0
-0.09999997169  0.03999999538  0  0  0  0
-0.09999997169  0.04999999702  0  0  0  0
-0.09999997169  0.05999999866  0  0  0  0
-0.09999997169  0.0700000003  0  0  0  0
-0.09999997169  0.07999999821  0  0  0  0
-0.09999997169  0.08999999613  0  0  0  0
-0.09999997169  0.09999999404  0  0  0  0
-0.08999997377  -0.1000000015  0  0  0  0
-0.08999997377  -0.09000000358  0  0  0  0
-0.08999997377  -0.08000000566  0  0  0  0
-0.08999997377  -0.07000000775  0  0  0  0
-0.08999997377  -0.06000000611  0  0  0  0
-0.08999997377  -0.05000000447  0  0  0  0
-0.08999997377  -0.04000000283  0  0  0  0
-0.08999997377  -0.03000000305  0  0  0  0
-0.08999997377  -0.02000000328  0  0  0  0
-0.08999997377  -0.0100000035  0  0  0  0
-0.08999997377  -3.501772872e-09  0  0  0  0
-0.08999997377  0.009999996051  0  0  0  0
-0.08999997377  0.01999999583  0  0  0  0
-0.08999997377  0.0299999956  0  0  0  0
-0.08999997377  0.03999999538  0  0  0  0
-0.08999997377  0.04999999702  0  0  0  0
-0.08999997377  0.05999999866  0  0  0  0
-0.08999997377  0.0700000003  0  0  0  0
-0.08999997377  0.07999999821  0  0  0  0
-0.08999997377  0.08999999613  0  0  0  0
-0.08999997377  0.09999999404  0  0  0  0
-0.07999997586  -0.1000000015  0  0  0  0
-0.07999997586  -0.09000000358  0  0  0  0
-0.07999997586  -0.08000000566  0  0  0  0
-0.07999997586  -0.07000000775  0  0  0  0
-0.07999997586  -0.06000000611  0  0  0  0
-0.07999997586  -0.05000000447  0  0  0  0
-0.07999997586  -0.04000000283  0  0  0  0
-0.07999997586  -0.03000000305  0  0  0  0
-0.07999997586  -0.02000000328  0  0  0  0
-0.07999997586  -0.0100000035  0  0  0  0
-0.07999997586  -3.501772872e-09  0  0  0  0
-0.07999997586  0.009999996051  0  0  0  0
-0.07999997586  0.01999999583  0  0  0  0
-0.07999997586  0.0299999956  0  0  0  0
-0.07999997586  0.03999999538  0  0  0  0
-0.07999997586  0.04999999702  0  0  0  0
-0.07999997586  0.05999999866  0  0  0  0
-0.07999997586  0.0700000003  0  0  0  0
-0.07999997586  0.07999999821  0  0  0  0
-0.07999997586  0.08999999613  0  0  0  0
-0.07999997586  0.09999999404  0  0  0  0
-0.06999997795  -0.1000000015  0  0  0  0
-0.06999997795  -0.09000000358  0  0  0  0
-0.06999997795  -0.08000000566  0  0  0  0
-0.06999997795  -0.07000000775  0  0  0  0
-0.06999997795  -0.06000000611  0  0  0  0
-0.06999997795  -0.05000000447  0  0  0  0
-0.06999997795  -0.04000000283  0  0  0  0
-0.06999997795  -0.03000000305  0  0  0  0
-0.06999997795  -0.02000000328  0  0  0  0
-0.06999997795  -0.0100000035  0  0  0  0
-0.06999997795  -3.501772872e-09  0  0  0  0
-0.06999997795  0.009999996051  0  0  0  0
-0.06999997795  0.01999999583  0  0  0  0
-0.06999997795  0.0299999956  0  0  0  0
-0.06999997795  0.03999999538  0  0  0  0
-0.06999997795  0.04999999702  0  0  0  0
-0.06999997795  0.05999999866  0  0  0  0
-0.06999997795  0.0700000003  0  0  0  0
-0.06999997795  0.07999999821  0  0  0  0
-0.06999997795  0.08999999613  0  0  0  0
-0.06999997795  0.09999999404  0  0  0  0
-0.05999997631  -0.1000000015  0  0  0  0
-0.05999997631  -0.09000000358  0  0  0  0
-0.05999997631  -0.08000000566  0  0  0  0
-0.05999997631  -0.07000000775  0  0  0  0
-0.05999997631  -0.06000000611  0  0  0  0
-0.05999997631  -0.05000000447  0  0  0  0
-0.05999997631  -0.04000000283  0  0  0  0
-0.05999997631  -0.03000000305  0  0  0  0
-0.05999997631  -0.02000000328  0  0  0  0
-0.05999997631  -0.0100000035  0  0  0  0
-0.05999997631  -3.501772872e-09  0  0  0  0
-0.05999997631  0.009999996051  0  0  0  0
-0.05999997631  0.01999999583  0  0  0  0
-0.05999997631  0.0299999956  0  0  0  0
-0.05999997631  0.03999999538  0  0  0  0
-0.05999997631  0.04999999702  0  0  0  0
-0.05999997631  0.05999999866  0  0  0  0
-0.05999997631  0.0700000003  0  0  0  0
-0.05999997631  0.07999999821  0  0  0  0
-0.05999997631  0.08999999613  0  0  0  0
-0.05999997631  0.09999999404  0  0  0  0
-0.04999997467  -0.1000000015  0  0  0  0
-0.04999997467  -0.09000000358  0  0  0  0
-0.04999997467  -0.08000000566  0  0  0  0
-0.04999997467  -0.07000000775  0  0  0  0
-0.04999997467  -0.06000000611  0  0  0  0
-0.04999997467  -0.05000000447  0  0  0  0
-0.04999997467  -0.04000000283  0  0  0  0
-0.04999997467  -0.03000000305  0  0  0  0
-0.04999997467  -0.02000000328  0  0  0  0
-0.04999997467  -0.0100000035  0  0  0  0
-0.04999997467  -3.501772872e-09  0  0  0  0
-0.04999997467  0.009999996051  0  0  0  0
-0.04999997467  0.01999999583  0  0  0  0
-0.04999997467  0.0299999956  0  0  0  0
-0.04999997467  0.03999999538  0  0  0  0
-0.04999997467  0.04999999702  0  0  0  0
-0.04999997467  0.05999999866  0  0  0  0
-0.04999997467  0.0700000003  0  0  0  0
-0.04999997467  0.07999999821  0  0  0  0
-0.04999997467  0.08999999613  0  0  0  0
-0.04999997467  0.09999999404  0  0  0  0
-0.03999997303  -0.1000000015  0  0  0  0
-0.03999997303  -0.09000000358  0  0  0  0
-0.03999997303  -0.08000000566  0  0  0  0
-0.03999997303  -0.07000000775  0  0  0  0
-0.03999997303  -0.06000000611  0  0  0  0
-0.03999997303  -0.05000000447  0  0  0  0
-0.03999997303  -0.04000000283  0  0  0  0
-0.03999997303  -0.03000000305  0  0  0  0
-0.03999997303  -0.02000000328  0  0  0  0
-0.03999997303  -0.0100000035  0  0  0  0
-0.03999997303  -3.501772872e-09  0  0  0  0
-0.03999997303  0.009999996051  0  0  0  0
-0.03999997303  0.01999999583  0  0  0  0
-0.03999997303  0.0299999956  0  0  0  0
-0.03999997303  0.03999999538  0  0  0  0
-0.03999997303  0.04999999702  0  0  0  0
-0.03999997303  0.05999999866  0  0  0  0
-0.03999997303  0.0700000003  0  0  0  0
-0.03999997303  0.07999999821  0  0  0  0
-0.03999997303  0.08999999613  0  0  0  0
-0.03999997303  0.09999999404  0  0  0  0
-0.02999997325  -0.1000000015  0  0  0  0
-0.02999997325  -0.09000000358  0  0  0  0
-0.02999997325  -0.08000000566  0  0  0  0
-0.02999997325  -0.07000000775  0  0  0  0
-0.02999997325  -0.06000000611  0  0  0  0
-0.02999997325  -0.05000000447  0  0  0  0
-0.02999997325  -0.04000000283  0  0  0  0
-0.02999997325  -0.03000000305  0  0  0  0
-0.02999997325  -0.02000000328  0  0  0  0
-0.02999997325  -0.0100000035  0  0  0  0
-0.02999997325  -3.501772872e-09  0  0  0  0
-0.02999997325  0.009999996051  0  0  0  0
-0.02999997325  0.01999999583  0  0  0  0
-0.02999997325  0.0299999956  0  0  0  0
-0.02999997325  0.03999999538  0  0  0  0
-0.02999997325  0.04999999702  0  0  0  0
-0.02999997325  0.05999999866  0  0  0  0
-0.02999997325  0.0700000003  0  0  0  0
-0.02999997325  0.07999999821  0  0  0  0
-0.02999997325  0.08999999613  0  0  0  0
-0.02999997325  0.09999999404  0  0  0  0
-0.01999997348  -0.1000000015  0  0  0  0
-0.01999997348  -0.09000000358  0  0  0  0
-0.01999997348  -0.08000000566  0  0  0  0
-0.01999997348  -0.07000000775  0  0  0  0
-0.01999997348  -0.06000000611  0  0  0  0
-0.01999997348  -0.05000000447  0  0  0  0
-0.01999997348  -0.04000000283  0  0  0  0
-0.01999997348  -0.03000000305  0  0  0  0
-0.01999997348  -0.02000000328  0  0  0  0
-0.01999997348  -0.0100000035  0  0  0  0
-0.01999997348  -3.501772872e-09  0  0  0  0
-0.01999997348  0.009999996051  0  0  0  0
-0.01999997348  0.01999999583  0  0  0  0
-0.01999997348  0.0299999956  0  0  0  0
-0.01999997348  0.03999999538  0  0  0  0
-0.01999997348  0.04999999702  0  0  0  0
-0.01999997348  0.05999999866  0  0  0  0
-0.01999997348  0.0700000003  0  0  0  0
-0.01999997348  0.07999999821  0  0  0  0
-0.01999997348  0.08999999613  0  0  0  0
-0.01999997348  0.09999999404  0  0  0  0
-0.009999973699  -0.1000000015  0  0  0  0
-0.009999973699  -0.09000000358  0  0  0  0
-0.009999973699  -0.08000000566  0  0  0  0
-0.009999973699  -0.07000000775  0  0  0  0
-0.009999973699  -0.06000000611  0  0  0  0
-0.009999973699  -0.05000000447  0  0  0  0
-0.009999973699  -0.04000000283  0  0  0  0
-0.009999973699  -0.03000000305  0  0  0  0
-0.009999973699  -0.02000000328  0  0  0  0
-0.009999973699  -0.0100000035  0  0  0  0
-0.009999973699  -3.501772872e-09  0  0  0  0
-0.009999973699  0.009999996051  0  0  0  0
-0.009999973699  0.01999999583  0  0  0  0
-0.009999973699  0.0299999956  0  0  0  0
-0.009999973699  0.03999999538  0  0  0  0
-0.009999973699  0.04999999702  0  0  0  0
-0.009999973699  0.05999999866  0  0  0  0
-0.009999973699  0.0700000003  0  0  0  0
-0.009999973699  0.07999999821  0  0  0  0
-0.009999973699  0.08999999613  0  0  0  0
-0.009999973699  0.09999999404  0  0  0  0
2.630054929e-08  -0.1000000015  0  0  0  0
2.630054929e-08  -0.09000000358  0  0  0  0
2.630054929e-08  -0.08000000566  0  0  0  0
2.630054929e-08  -0.07000000775  0  0  0  0
2.630054929e-08  -0.06000000611  0  0  0  0
2.630054929e-08  -0.05000000447  0  0  0  0
2.630054929e-08  -0.04000000283  0  0  0  0
2.630054929e-08  -0.03000000305  0  0  0  0
2.630054929e-08  -0.02000000328  0  0  0  0
2.630054929e-08  -0.0100000035  0  0  0  0
2.630054929e-08  -3.501772872e-09  0  0  0  0
2.630054929e-08  0.009999996051  0  0  0  0
2.630054929e-08  0.01999999583  0  0  0  0
2.630054929e-08  0.0299999956  0  0  0  0
2.630054929e-08  0.03999999538  0  0  0  0
2.630054929e-08  0.04999999702  0  0  0  0
2.630054929e-08  0.05999999866  0  0  0  0
2.630054929e-08  0.0700000003  0  0  0  0
2.630054929e-08  0.07999999821  0  0  0  0
2.630054929e-08  0.08999999613  0  0  0  0
2.630054929e-08  0.09999999404  0  0  0  0
0.01000002585  -0.1000000015  0  0  0  0
0.01000002585  -0.09000000358  0  0  0  0
0.01000002585  -0.08000000566  0  0  0  0
0.01000002585  -0.07000000775  0  0  0  0
0.01000002585  -0.06000000611  0  0  0  0
0.01000002585  -0.05000000447  0  0  0  0
0.01000002585  -0.04000000283  0  0  0  0
0.01000002585  -0.03000000305  0  0  0  0
0.01000002585  -0.02000000328  0  0  0  0
0.01000002585  -0.0100000035  0  0  0  0
0.01000002585  -3.501772872e-09  0  0  0  0
0.01000002585  0.009999996051  0  0  0  0
0.01000002585  0.01999999583  0  0  0  0
0.01000002585  0.0299999956  0  0  0  0
0.01000002585  0.03999999538  0  0  0  0
0.01000002585  0.04999999702  0  0  0  0
0.01000002585  0.05999999866  0  0  0  0
0.01000002585  0.0700000003  0  0  0  0
0.01000002585  0.07999999821  0  0  0  0
0.01000002585  0.08999999613  0  0  0  0
0.01000002585  0.09999999404  0  0  0  0
0.02000002563  -0.1000000015  0  0  0  0
0.02000002563  -0.09000000358  0  0  0  0
0.02000002563  -0.08000000566  0  0  0  0
0.02000002563  -0.07000000775  0  0  0  0
0.02000002563  -0.06000000611  0  0  0  0
0.02000002563  -0.05000000447  0  0  0  0
0.02000002563  -0.04000000283  0  0  0  0
0.02000002563  -0.03000000305  0  0  0  0
0.02000002563  -0.02000000328  0  0  0  0
0.02000002563  -0.0100000035  0  0  0  0
0.02000002563  -3.501772872e-09  0  0  0  0
0.02000002563  0.009999996051  0  0  0  0
0.02000002563  0.01999999583  0  0  0  0
0.02000002563  0.0299999956  0  0  0  0
0.02000002563  0.03999999538  0  0  0  0
0.02000002563  0.04999999702  0  0  0  0
0.02000002563  0.05999999866  0  0  0  0
0.02000002563  0.0700000003  0  0  0  0
0.02000002563  0.07999999821  0  0  0  0
0.02000002563  0.08999999613  0  0  0  0
0.02000002563  0.09999999404  0  0  0  0
0.03000002541  -0.1000000015  0  0  0  0
0.03000002541  -0.09000000358  0  0  0  0
0.03000002541  -0.08000000566  0  0  0  0
0.03000002541  -0.07000000775  0  0  0  0
0.03000002541  -0.06000000611  0  0  0  0
0.03000002541  -0.05000000447  0  0  0  0
0.03000002541  -0.04000000283  0  0  0  0
0.03000002541  -0.03000000305  0  0  0  0
0.03000002541  -0.02000000328  0  0  0  0
0.03000002541  -0.0100000035  0  0  0  0
0.03000002541  -3.501772872e-09  0  0  0  0
0.03000002541  0.009999996051  0  0  0  0
0.03000002541  0.01999999583  0  0  0  0
0.03000002541  0.0299999956  0  0  0  0
0.03000002541  0.03999999538  0  0  0  0
0.03000002541  0.04999999702  0  0  0  0
0.03000002541  0.05999999866  0  0  0  0
0.03000002541  0.0700000003  0  0  0  0
0.03000002541  0.07999999821  0  0  0  0
0.03000002541  0.08999999613  0  0  0  0
0.03000002541  0.09999999404  0  0  0  0
0.04000002518  -0.1000000015  0  0  0  0
0.04000002518  -0.09000000358  0  0  0  0
0.04000002518  -0.08000000566  0  0  0  0
0.04000002518  -0.07000000775  0  0  0  0
0.04000002518  -0.06000000611  0  0  0  0
0.04000002518  -0.05000000447  0  0  0  0
0.04000002518  -0.04000000283  0  0  0  0
0.04000002518  -0.03000000305  0  0  0  0
0.04000002518  -0.02000000328  0  0  0  0
0.04000002518  -0.0100000035  0  0  0  0
0.04000002518  -3.501772872e-09  0  0  0  0
0.04000002518  0.009999996051  0  0  0  0
0.04000002518  0.01999999583  0  0  0  0
0.04000002518  0.0299999956  0  0  0  0
0.04000002518  0.03999999538  0  0  0  0
0.04000002518  0.04999999702  0  0  0  0
0.04000002518  0.05999999866  0  0  0  0
0.04000002518  0.0700000003  0  0  0  0
0.04000002518  0.07999999821  0  0  0  0
0.04000002518  0.08999999613  0  0  0  0
0.04000002518  0.09999999404  0  0  0  0
0.05000002682  -0.1000000015  0  0  0  0
0.05000002682  -0.09000000358  0  0  0  0
0.05000002682  -0.08000000566  0  0  0  0
0.05000002682  -0.07000000775  0  0  0  0
0.05000002682  -0.06000000611  0  0  0  0
0.05000002682  -0.05000000447  0  0  0  0
0.05000002682  -0.04000000283  0  0  0  0
0.05000002682  -0.03000000305  0  0  0  0
0.05000002682  -0.02000000328  0  0  0  0
0.05000002682  -0.0100000035  0  0  0  0
0.05000002682  -3.501772872e-09  0  0  0  0
0.05000002682  0.009999996051  0  0  0  0
0.05000002682  0.01999999583  0  0  0  0
0.05000002682  0.0299999956  0  0  0  0
0.05000002682  0.03999999538  0  0  0  0
0.05000002682  0.04999999702  0  0  0  0
0.05000002682  0.05999999866  0  0  0  0
0.05000002682  0.0700000003  0  0  0  0
0.05000002682  0.07999999821  0  0  0  0
0.05000002682  0.08999999613  0  0  0  0
0.05000002682  0.09999999404  0  0  0  0
0.06000002846  -0.1000000015  0  0  0  0
0.06000002846  -0.09000000358  0  0  0  0
0.06000002846  -0.08000000566  0  0  0  0
0.06000002846  -0.07000000775  0  0  0  0
0.06000002846  -0.06000000611  0  0  0  0
0.06000002846  -0.05000000447  0  0  0  0
0.06000002846  -0.04000000283  0  0  0  0
0.06000002846  -0.03000000305  0  0  0  0
0.06000002846  -0.02000000328  0  0  0  0
0.06000002846  -0.0100000035  0  0  0  0
0.06000002846  -3.501772872e-09  0  0  0  0
0.06000002846  0.009999996051  0  0  0  0
0.06000002846  0.01999999583  0  0  0  0
0.06000002846  0.0299999956  0  0  0  0
0.06000002846  0.03999999538  0  0  0  0
0.06000002846  0.04999999702  0  0  0  0
0.06000002846  0.05999999866  0  0  0  0
0.06000002846  0.0700000003  0  0  0  0
0.06000002846  0.07999999821  0  0  0  0
0.06000002846  0.08999999613  0  0  0  0
0.06000002846  0.09999999404  0  0  0  0
0.0700000301  -0.1000000015  0  0  0  0
0.0700000301  -0.09000000358  0  0  0  0
0.0700000301  -0.08000000566  0  0  0  0
0.0700000301  -0.07000000775  0  0  0  0
0.0700000301  -0.06000000611  0  0  0  0
0.0700000301  -0.05000000447  0  0  0  0
0.0700000301  -0.04000000283  0  0  0  0
0.0700000301  -0.03000000305  0  0  0  0
0.0700000301  -0.02000000328  0  0  0  0
0.0700000301  -0.0100000035  0  0  0  0
0.0700000301  -3.501772872e-09  0  0  0  0
0.0700000301  0.009999996051  0  0  0  0
0.0700000301  0.01999999583  0  0  0  0
0.0700000301  0.0299999956  0  0  0  0
0.0700000301  0.03999999538  0  0  0  0
0.0700000301  0.04999999702  0  0  0  0
0.0700000301  0.05999999866  0  0  0  0
0.0700000301  0.0700000003  0  0  0  0
0.0700000301  0.07999999821  0  0  0  0
0.0700000301  0.08999999613  0  0  0  0
0.0700000301  0.09999999404  0  0  0  0
0.08000002801  -0.1000000015  0  0  0  0
0.08000002801  -0.09000000358  0  0  0  0
0.08000002801  -0.08000000566  0  0  0  0
0.08000002801  -0.07000000775  0  0  0  0
0.08000002801  -0.06000000611  0  0  0  0
0.08000002801  -0.05000000447  0  0  0  0
0.08000002801  -0.04000000283  0  0  0  0
0.08000002801  -0.03000000305  0  0  0  0
0.08000002801  -0.02000000328  0  0  0  0
0.08000002801  -0.0100000035  0  0  0  0
0.08000002801  -3.501772872e-09  0  0  0  0
0.08000002801  0.009999996051  0  0  0  0
0.08000002801  0.01999999583  0  0  0  0
0.08000002801  0.0299999956  0  0  0  0
0.08000002801  0.03999999538  0  0  0  0
0.08000002801  0.04999999702  0  0  0  0
0.08000002801  0.05999999866  0  0  0  0
0.08000002801  0.0700000003  0  0  0  0
0.08000002801  0.07999999821  0  0  0  0
0.08000002801  0.08999999613  0  0  0  0
0.08000002801  0.09999999404  0  0  0  0
0.09000002593  -0.1000000015  0  0  0  0
0.09000002593  -0.09000000358  0  0  0  0
0.09000002593  -0.08000000566  0  0  0  0
0.09000002593  -0.07000000775  0  0  0  0
0.09000002593  -0.06000000611  0  0  0  0
0.09000002593  -0.05000000447  0  0  0  0
0.09000002593  -0.04000000283  0  0  0  0
0.09000002593  -0.03000000305  0  0  0  0
0.09000002593  -0.02000000328  0  0  0  0
0.09000002593  -0.0100000035  0  0  0  0
0.09000002593  -3.501772872e-09  0  0  0  0
0.09000002593  0.009999996051  0  0  0  0
0.09000002593  0.01999999583  0  0  0  0
0.09000002593  0.0299999956  0  0  0  0
0.09000002593  0.03999999538  0  0  0  0
0.09000002593  0.04999999702  0  0  0  0
0.09000002593  0.05999999866  0  0  0  0
0.09000002593  0.0700000003  0  0  0  0
0.09000002593  0.07999999821  0  0  0  0
0.09000002593  0.08999999613  0  0  0  0
0.09000002593  0.09999999404  0  0  0  0
0.1000000238  -0.1000000015  0  0  0  0
0.1000000238  -0.09000000358  0  0  0  0
0.1000000238  -0.08000000566  0  0  0  0
0.1000000238  -0.07000000775  0  0  0  0
0.1000000238  -0.06000000611  0  0  0  0
0.1000000238  -0.05000000447  0  0  0  0
0.1000000238  -0.04000000283  0  0  0  0
0.1000000238  -0.03000000305  0  0  0  0
0.1000000238  -0.02000000328  0  0  0  0
0.1000000238  -0.0100000035  0  0  0  0
0.1000000238  -3.501772872e-09  0  0  0  0
0.1000000238  0.009999996051  0  0  0  0
0.1000000238  0.01999999583  0  0  0  0
0.1000000238  0.0299999956  0  0  0  0
0.1000000238  0.03999999538  0  0  0  0
0.1000000238  0.04999999702  0  0  0  0
0.1000000238  0.05999999866  0  0  0  0
0.1000000238  0.0700000003  0  0  0  0
0.1000000238  0.07999999821  0  0  0  0
0.1000000238  0.08999999613  0  0  0  0
0.1000000238  0.09999999404  0  0  0  0
0.1100000218  -0.1000000015  0  0  0  0
0.1100000218  -0.09000000358  0  0  0  0
0.1100000218  -0.08000000566  0  0  0  0
0.1100000218  -0.07000000775  0  0  0  0
0.1100000218  -0.06000000611  0  0  0  0
0.1100000218  -0.05000000447  0  0  0  0
0.1100000218  -0.04000000283  0  0  0  0
0.1100000218  -0.03000000305  0  0  0  0
0.1100000218  -0.02000000328  0  0  0  0
0.1100000218  -0.0100000035  0  0  0  0
0.1100000218  -3.501772872e-09  0  0  0  0
0.1100000218  0.009999996051  0  0  0  0
0.1100000218  0.01999999583  0  0  0  0
0.1100000218  0.0299999956  0  0  0  0
0.1100000218  0.03999999538  0  0  0  0
0.1100000218  0.04999999702  0  0  0  0
0.1100000218  0.05999999866  0  0  0  0
0.1100000218  0.0700000003  0  0  0  0
0.1100000218  0.07999999821  0  0  0  0
0.1100000218  0.08999999613  0  0  0  0
0.1100000218  0.09999999404  0  0  0  0
0.1200000197  -0.1000000015  0  0  0  0
0.1200000197  -0.09000000358  0  0  0  0
0.1200000197  -0.08000000566  0  0  0  0
0.1200000197  -0.07000000775  0  0  0  0
0.1200000197  -0.06000000611  0  0  0  0
0.1200000197  -0.05000000447  0  0  0  0
0.1200000197  -0.04000000283  0  0  0  0
0.1200000197  -0.03000000305  0  0  0  0
0.1200000197  -0.02000000328  0  0  0  0
0.1200000197  -0.0100000035  0  0  0  0
0.1200000197  -3.501772872e-09  0  0  0  0
0.1200000197  0.009999996051  0  0  0  0
0.1200000197  0.01999999583  0  0  0  0
0.1200000197  0.0299999956  0  0  0  0
0.1200000197  0.03999999538  0  0  0  0
0.1200000197  0.04999999702  0  0  0  0
0.1200000197  0.05999999866  0  0  0  0
0.1200000197  0.0700000003  0  0  0  0
0.1200000197  0.07999999821  0  0  0  0
0.1200000197  0.08999999613  0  0  0  0
0.1200000197  0.09999999404  0  0  0  0
0.130000025  -0.1000000015  0  0  0  0
0.130000025  -0.09000000358  0  0  0  0
0.130000025  -0.08000000566  0  0  0  0
0.130000025  -0.07000000775  0  0  0  0
0.130000025  -0.06000000611  0  0  0  0
0.130000025  -0.05000000447  0  0  0  0
0.130000025  -0.04000000283  0  0  0  0
0.130000025  -0.03000000305  0  0  0  0
0.130000025  -0.02000000328  0  0  0  0
0.130000025  -0.0100000035  0  0  0  0
0.130000025  -3.501772872e-09  0  0  0  0
0.130000025  0.009999996051  0  0  0  0
0.130000025  0.01999999583  0  0  0  0
0.130000025  0.0299999956  0  0  0  0
0.130000025  0.03999999538  0  0  0  0
0.130000025  0.04999999702  0  0  0  0
0.130000025  0.05999999866  0  0  0  0
0.130000025  0.0700000003  0  0  0  0
0.130000025  0.07999999821  0  0  0  0
0.130000025  0.08999999613  0  0  0  0
0.130000025  0.09999999404  0  0  0  0
0.1400000304  -0.1000000015  0  0  0  0
0.1400000304  -0.09000000358  0  0  0  0
0.1400000304  -0.08000000566  0  0  0  0
0.1400000304  -0.07000000775  0  0  0  0
0.1400000304  -0.06000000611  0  0  0  0
0.1400000304  -0.05000000447  0  0  0  0
0.1400000304  -0.04000000283  0  0  0  0
0.1400000304  -0.03000000305  0  0  0  0
0.1400000304  -0.02000000328  0  0  0  0
0.1400000304  -0.0100000035  0  0  0  0
0.1400000304  -3.501772872e-09  0  0  0  0
0.1400000304  0.009999996051  0  0  0  0
0.1400000304  0.01999999583  0  0  0  0
0.1400000304  0.0299999956  0  0  0  0
0.1400000304  0.03999999538  0  0  0  0
0.1400000304  0.04999999702  0  0  0  0
0.1400000304  0.05999999866  0  0  0  0
0.1400000304  0.0700000003  0  0  0  0
0.1400000304  0.07999999821  0  0  0  0
0.1400000304  0.08999999613  0  0  0  0
0.1400000304  0.09999999404  0  0  0  0
0.1500000358  -0.1000000015  0  0  0  0
0.1500000358  -0.09000000358  0  0  0  0
0.1500000358  -0.08000000566  0  0  0  0
0.1500000358  -0.07000000775  0  0  0  0
0.1500000358  -0.06000000611  0  0  0  0
0.1500000358  -0.05000000447  0  0  0  0
0.1500000358  -0.04000000283  0  0  0  0
0.1500000358  -0.03000000305  0  0  0  0
0.1500000358  -0.02000000328  0  0  0  0
0.1500000358  -0.0100000035  0  0  0  0
0.1500000358  -3.501772872e-09  0  0  0  0
0.1500000358  0.009999996051  0  0  0  0
0.1500000358  0.01999999583  0  0  0  0
0.1500000358  0.0299999956  0  0  0  0
0.1500000358  0.03999999538  0  0  0  0
0.1500000358  0.04999999702  0  0  0  0
0.1500000358  0.05999999866  0  0  0  0
0.1500000358  0.0700000003  0  0  0  0
0.1500000358  0.07999999821  0  0  0  0
0.1500000358  0.08999999613  0  0  0  0
0.1500000358  0.09999999404  0  0  0  0
0.1600000411  -0.1000000015  0  0  0  0
0.1600000411  -0.09000000358  0  0  0  0
0.1600000411  -0.08000000566  0  0  0  0
0.1600000411  -0.07000000775  0  0  0  0
0.1600000411  -0.06000000611  0  0  0  0
0.1600000411  -0.05000000447  0  0  0  0
0.1600000411  -0.04000000283  0  0  0  0
0.1600000411  -0.03000000305  0  0  0  0
0.1600000411  -0.02000000328  0  0  0  0
0.1600000411  -0.0100000035  0  0  0  0
0.1600000411  -3.501772872e-09  0  0  0  0
0.1600000411  0.009999996051  0  0  0  0
0.1600000411  0.01999999583  0  0  0  0
0.1600000411  0.0299999956  0  0  0  0
0.1600000411  0.03999999538  0  0  0  0
0.1600000411  0.04999999702  0  0  0  0
0.1600000411  0.05999999866  0  0  0  0
0.1600000411  0.0700000003  0  0  0  0
0.1600000411  0.07999999821  0  0  0  0
0.1600000411  0.08999999613  0  0  0  0
0.1600000411  0.09999999404  0  0  0  0
0.1700000465  -0.1000000015  0  0  0  0
0.1700000465  -0.09000000358  0  0  0  0
0.1700000465  -0.08000000566  0  0  0  0
0.1700000465  -0.07000000775  0  0  0  0
0.1700000465  -0.06000000611  0  0  0  0
0.1700000465  -0.05000000447  0  0  0  0
0.1700000465  -0.04000000283  0  0  0  0
0.1700000465  -0.03000000305  0  0  0  0
0.1700000465  -0.02000000328  0  0  0  0
0.1700000465  -0.0100000035  0  0  0  0
0.1700000465  -3.501772872e-09  0  0  0  0
0.1700000465  0.009999996051  0  0  0  0
0.1700000465  0.01999999583  0  0  0  0
0.1700000465  0.0299999956  0  0  0  0
0.1700000465  0.03999999538  0  0  0  0
0.1700000465  0.04999999702  0  0  0  0
0.1700000465  0.05999999866  0  0  0  0
0.1700000465  0.0700000003  0  0  0  0
0.1700000465  0.07999999821  0  0  0  0
0.1700000465  0.08999999613  0  0  0  0
0.1700000465  0.09999999404  0  0  0  0
0.1800000519  -0.1000000015  0  0  0  0
0.1800000519  -0.09000000358  0  0  0  0
0.1800000519  -0.08000000566  0  0  0  0
0.1800000519  -0.07000000775  0  0  0  0
0.1800000519  -0.06000000611  0  0  0  0
0.1800000519  -0.05000000447  0  0  0  0
0.1800000519  -0.04000000283  0  0  0  0
0.1800000519  -0.03000000305  0  0  0  0
0.1800000519  -0.02000000328  0  0  0  0
0.1800000519  -0.0100000035  0  0  0  0
0.1800000519  -3.501772872e-09  0  0  0  0
0.1800000519  0.009999996051  0  0  0  0
0.1800000519  0.01999999583  0  0  0  0
0.1800000519  0.0299999956  0  0  0  0
0.1800000519  0.03999999538  0  0  0  0
0.1800000519  0.04999999702  0  0  0  0
0.1800000519  0.05999999866  0  0  0  0
0.1800000519  0.0700000003  0  0  0  0
0.1800000519  0.07999999821  0  0  0  0
0.1800000519  0.08999999613  0  0  0  0
0.1800000519  0.09999999404  0  0  0  0
0.1900000572  -0.1000000015  0  0  0  0
0.1900000572  -0.09000000358  0  0  0  0
0.1900000572  -0.08000000566  0  0  0  0
0.1900000572  -0.07000000775  0  0  0  0
0.1900000572  -0.06000000611  0  0  0  0
0.1900000572  -0.05000000447  0  0  0  0
0.1900000572  -0.04000000283  0  0  0  0
0.1900000572  -0.03000000305  0  0  0  0
0.1900000572  -0.02000000328  0  0  0  0
0.1900000572  -0.0100000035  0  0  0  0
0.1900000572  -3.501772872e-09  0  0  0  0
0.1900000572  0.009999996051  0  0  0  0
0.1900000572  0.01999999583  0  0  0  0
0.1900000572  0.0299999956  0  0  0  0
0.1900000572  0.03999999538  0  0  0  0
0.1900000572  0.04999999702  0  0  0  0
0.1900000572  0.05999999866  0  0  0  0
0.1900000572  0.0700000003  0  0  0  0
0.1900000572  0.07999999821  0  0  0  0
0.1900000572  0.08999999613  0  0  0  0
0.1900000572  0.09999999404  0  0  0  0
